station_id,Aluminium,Ammonium,Boron,Chloride,Coli-like-bacteria-Colilert,Coli-like-bacteria,Colony-count-at-22-C,Color-Pt-Co-unit,Color-Pt/Co-scale,Electrical-conductivity,Enterococci,Escherichia-coli-Colilert,Escherichia-coli,Fluoride,Iron,Manganese,Nitrate,Nitrite,Odour-dilution-level,Oxidability,Smell-ball-units,Sodium,Sulphate,Taste-ball-units,Taste-dilution-degree,Turbidity-NTU,pH ,compliance
487,16.932116504854367,0.05,0.3218189655172416,68.04684684684685,20.7088,0.0,39.82432432432432,1.8,3.4260752688172045,474.0,0.4293478260869565,0.4129032258064516,0.0,0.7082352941176469,20.0,61.266284584980255,2.6025,0.0113448275862068,1.6276276276276276,1.4496478873239438,0.0,49.16819444444443,17.731818181818184,0.0,1.5967213114754095,1.6,7.8,0
1555,16.932116504854367,0.05,0.3218189655172416,68.04684684684685,20.7088,0.0,0.0,4.233898305084746,0.0,465.0,0.4293478260869565,0.4129032258064516,0.0,0.7082352941176469,20.0,61.266284584980255,2.6025,0.0113448275862068,1.0,1.4496478873239438,0.4105263157894737,49.16819444444443,17.731818181818184,0.4148936170212766,1.0,1.0,7.3,0
205,16.932116504854367,0.05,0.3218189655172416,68.04684684684685,20.7088,0.0,0.0,4.233898305084746,0.0,448.0,0.4293478260869565,0.4129032258064516,0.0,0.7082352941176469,20.0,10.0,2.6025,0.0113448275862068,1.0,1.4496478873239438,0.4105263157894737,49.16819444444443,17.731818181818184,0.4148936170212766,1.0,1.0,7.8,0
1228,16.932116504854367,0.09,0.641,68.04684684684685,20.7088,0.0,15.0,4.233898305084746,4.0,978.0,0.4293478260869565,0.4129032258064516,0.0,1.36,21.0,61.266284584980255,2.6025,0.003,1.6276276276276276,1.4496478873239438,1.0,49.16819444444443,17.731818181818184,1.0,1.5967213114754095,0.5,7.44,0
470,16.932116504854367,0.06,0.3218189655172416,68.04684684684685,20.7088,0.0,1.0,6.6,3.4260752688172045,446.0,0.4293478260869565,0.4129032258064516,0.0,0.7082352941176469,84.0,61.266284584980255,2.6025,0.0113448275862068,1.6276276276276276,1.4496478873239438,0.0,49.16819444444443,17.731818181818184,0.0,1.5967213114754095,0.2,7.7,0
614,16.932116504854367,0.12,0.3218189655172416,68.04684684684685,20.7088,0.0,97.0,4.233898305084746,3.0,500.0,0.0,0.4129032258064516,0.0,1.5,100.0,61.266284584980255,2.6025,0.0113448275862068,1.6276276276276276,1.4496478873239438,1.0,49.16819444444443,17.731818181818184,1.0,1.5967213114754095,0.5,8.64,0
1420,16.932116504854367,0.1397524429967422,0.3218189655172416,68.04684684684685,0.0,1.3819875776397517,53.0,4.233898305084746,4.0,240.0,0.4293478260869565,0.0,0.062111801242236,0.7082352941176469,49.0,5.0,2.6025,0.0113448275862068,1.0,1.4496478873239438,0.4105263157894737,49.16819444444443,17.731818181818184,0.4148936170212766,1.0,1.0,7.5,0
188,16.932116504854367,0.23,0.3218189655172416,68.04684684684685,20.7088,0.0,17.0,4.233898305084746,3.4260752688172045,889.0,0.0,0.4129032258064516,0.0,0.7082352941176469,250.0,61.266284584980255,2.6025,0.0113448275862068,1.6276276276276276,1.4496478873239438,0.0,49.16819444444443,17.731818181818184,0.0,1.5967213114754095,0.5,7.45,1
1286,16.932116504854367,0.2,0.3218189655172416,68.04684684684685,20.7088,0.0,39.82432432432432,4.233898305084746,6.0,640.0,0.4293478260869565,0.4129032258064516,0.0,0.7082352941176469,240.0,61.266284584980255,2.6025,0.0113448275862068,1.6276276276276276,1.4496478873239438,0.4105263157894737,49.16819444444443,17.731818181818184,0.4148936170212766,1.5967213114754095,0.72,7.5,1
736,16.932116504854367,0.05,0.3218189655172416,68.04684684684685,20.7088,0.0,33.0,4.233898305084746,9.0,835.0,0.4293478260869565,0.4129032258064516,0.0,0.79,82.0,5.0,2.6025,0.0113448275862068,1.6276276276276276,2.1,1.0,48.2,44.0,1.0,1.5967213114754095,0.5,7.53,0
495,16.932116504854367,0.05,0.3218189655172416,68.04684684684685,20.7088,0.0,39.82432432432432,2.4,3.4260752688172045,411.0,0.4293478260869565,0.4129032258064516,0.0,0.7082352941176469,21.0,61.266284584980255,2.6025,0.0113448275862068,1.6276276276276276,1.4496478873239438,0.0,49.16819444444443,17.731818181818184,0.0,1.5967213114754095,0.2,7.7,0
1417,16.932116504854367,0.1397524429967422,0.3218189655172416,68.04684684684685,0.0,1.3819875776397517,14.0,4.233898305084746,3.0,368.0,0.0,0.0,0.062111801242236,0.7082352941176469,29.0,5.0,2.6025,0.0113448275862068,2.0,1.4496478873239438,0.4105263157894737,49.16819444444443,17.731818181818184,0.4148936170212766,2.0,1.0,7.8,0
169,5.0,0.29,0.277,16.0,20.7088,0.0,11.0,6.4,3.4260752688172045,536.0,0.0,0.4129032258064516,0.0,1.09,55.0,20.0,1.0,0.005,1.6276276276276276,0.93,0.0,23.0,13.0,0.0,1.5967213114754095,0.3,8.1,0
1526,16.932116504854367,0.16,0.3218189655172416,68.04684684684685,0.0,1.3819875776397517,39.82432432432432,5.0,3.4260752688172045,514.0,0.4293478260869565,0.0,0.062111801242236,0.7082352941176469,42.0,61.266284584980255,0.67,0.039,1.6276276276276276,1.4496478873239438,0.0,49.16819444444443,17.731818181818184,0.0,1.5967213114754095,1.4040811455847253,7.68,0
1938,16.932116504854367,0.05,0.3218189655172416,68.04684684684685,20.7088,0.0,5.0,4.233898305084746,0.0,293.0,0.4293478260869565,0.4129032258064516,0.0,0.7082352941176469,136.87798387096777,61.266284584980255,2.6025,0.0113448275862068,1.0,1.4496478873239438,0.4105263157894737,49.16819444444443,17.731818181818184,0.4148936170212766,1.0,1.1,7.6,0
286,10.0,0.05,0.3,50.0,20.7088,0.0,39.82432432432432,4.233898305084746,0.0,284.0,0.4293478260869565,0.4129032258064516,0.0,1.2,20.0,10.0,1.0,0.002,1.0,0.7,0.4105263157894737,37.0,8.8,0.4148936170212766,1.0,1.0,7.1,0
990,5.0,0.05,0.311,50.0,0.0,1.3819875776397517,29.0,4.233898305084746,2.0,503.0,0.0,0.0,0.062111801242236,0.62,28.0,5.0,0.48,0.01,2.0,1.2,0.4105263157894737,48.4,7.0,0.4148936170212766,2.0,4.6,7.7,0
823,4.0,0.2,0.211,22.0,0.0,1.3819875776397517,21.0,4.233898305084746,3.0,556.0,0.0,0.0,0.062111801242236,0.71,98.0,24.0,0.76,0.01,2.0,1.3,0.4105263157894737,22.9,13.0,0.4148936170212766,2.0,1.0,7.4,0
866,4.0,0.05,0.075,16.0,0.0,1.3819875776397517,24.0,4.233898305084746,4.0,559.0,0.0,0.0,0.062111801242236,0.44,21.0,2.0,0.56,0.01,4.0,1.7,0.4105263157894737,10.7,5.0,0.4148936170212766,4.0,3.3,7.3,0
1318,16.932116504854367,0.05,0.371,68.04684684684685,20.7088,0.0,76.0,4.233898305084746,5.0,767.0,0.4293478260869565,0.4129032258064516,0.0,1.91,40.0,61.266284584980255,2.6025,0.0113448275862068,1.6276276276276276,1.4496478873239438,1.0,49.16819444444443,17.731818181818184,1.0,1.5967213114754095,0.5,7.6,1
1441,16.932116504854367,0.1397524429967422,0.3218189655172416,68.04684684684685,20.7088,0.0,80.0,4.233898305084746,3.0,573.0,0.4293478260869565,0.4129032258064516,0.0,0.57,120.0,61.266284584980255,2.6025,0.0113448275862068,1.6276276276276276,1.4496478873239438,1.0,49.16819444444443,17.731818181818184,1.0,1.5967213114754095,0.5,7.83,0
774,16.932116504854367,0.1397524429967422,0.3218189655172416,68.04684684684685,20.7088,0.0,10.0,4.233898305084746,0.0,316.0,0.4293478260869565,0.4129032258064516,0.0,0.7082352941176469,20.0,10.0,2.6025,0.0113448275862068,1.0,1.4496478873239438,0.4105263157894737,49.16819444444443,17.731818181818184,0.4148936170212766,1.0,1.0,7.7,0
824,16.932116504854367,0.05,0.3218189655172416,68.04684684684685,0.0,1.3819875776397517,0.0,4.233898305084746,2.0,561.0,0.4293478260869565,0.0,0.062111801242236,0.7082352941176469,25.0,10.0,2.6025,0.0113448275862068,1.0,1.4496478873239438,0.4105263157894737,49.16819444444443,17.731818181818184,0.4148936170212766,1.0,1.0,7.5,0
831,16.932116504854367,0.05,0.3218189655172416,68.04684684684685,0.0,1.3819875776397517,4.0,4.233898305084746,2.0,804.0,0.4293478260869565,0.0,0.062111801242236,0.7082352941176469,14.0,5.0,2.6025,0.0113448275862068,1.0,1.4496478873239438,0.4105263157894737,49.16819444444443,17.731818181818184,0.4148936170212766,1.0,1.0,7.5,0
1008,16.932116504854367,0.1397524429967422,0.3218189655172416,68.04684684684685,0.0,1.3819875776397517,4.0,4.233898305084746,2.0,570.0,0.4293478260869565,0.4129032258064516,0.062111801242236,0.7082352941176469,18.0,5.0,2.6025,0.0113448275862068,2.0,1.4496478873239438,0.4105263157894737,49.16819444444443,17.731818181818184,0.4148936170212766,2.0,1.0,7.6,0
615,16.932116504854367,0.1397524429967422,0.3218189655172416,68.04684684684685,20.7088,0.0,0.0,4.233898305084746,5.0,565.0,0.4293478260869565,0.4129032258064516,0.0,0.7082352941176469,10.0,61.266284584980255,2.6025,0.0113448275862068,1.6276276276276276,1.4496478873239438,0.4105263157894737,49.16819444444443,17.731818181818184,0.4148936170212766,1.5967213114754095,0.5,7.8,0
1091,16.932116504854367,0.1397524429967422,0.3218189655172416,68.04684684684685,3.0,1.3819875776397517,300.0,4.233898305084746,2.0,648.0,0.4293478260869565,0.0,0.062111801242236,0.7082352941176469,136.87798387096777,61.266284584980255,2.6025,0.0113448275862068,2.0,1.4496478873239438,0.4105263157894737,49.16819444444443,17.731818181818184,0.4148936170212766,2.0,1.0,7.9,1
548,16.932116504854367,0.03,0.3218189655172416,68.04684684684685,20.7088,0.0,23.0,5.0,3.4260752688172045,457.0,0.4293478260869565,0.4129032258064516,0.0,0.7082352941176469,60.0,61.266284584980255,2.6025,0.0113448275862068,1.6276276276276276,1.4496478873239438,0.0,49.16819444444443,17.731818181818184,0.0,1.5967213114754095,0.3,7.5,0
713,16.932116504854367,0.1397524429967422,0.3218189655172416,68.04684684684685,20.7088,0.0,14.0,4.233898305084746,3.0,239.0,0.4293478260869565,0.4129032258064516,0.0,1.22,20.0,61.266284584980255,2.6025,0.0113448275862068,1.6276276276276276,1.4496478873239438,1.0,49.16819444444443,17.731818181818184,2.0,1.5967213114754095,0.5,8.3,0
1017,16.932116504854367,0.05,0.3218189655172416,68.04684684684685,20.7088,0.0,37.0,4.233898305084746,6.0,710.0,0.0,0.4129032258064516,0.0,0.7082352941176469,185.0,36.0,2.6025,0.0113448275862068,1.0,1.6,0.4105263157894737,4.7,40.0,0.4148936170212766,1.0,1.8,7.3,0
513,16.932116504854367,0.1397524429967422,0.3218189655172416,68.04684684684685,20.7088,0.0,0.0,4.233898305084746,0.0,382.0,0.4293478260869565,0.4129032258064516,0.0,0.7082352941176469,20.0,10.0,2.6025,0.0113448275862068,1.0,1.4496478873239438,0.4105263157894737,49.16819444444443,17.731818181818184,0.4148936170212766,1.0,1.0,7.5,0
491,16.932116504854367,0.21,0.3218189655172416,68.04684684684685,20.7088,0.0,39.82432432432432,4.233898305084746,13.3,448.0,0.0,0.4129032258064516,0.0,0.7082352941176469,136.87798387096777,61.266284584980255,2.6025,0.0113448275862068,1.0,1.4496478873239438,0.4105263157894737,49.16819444444443,2.8,0.4148936170212766,1.0,0.7,7.47,0
1277,5.0,0.17,0.3218189655172416,27.0,0.0,1.3819875776397517,27.0,4.233898305084746,6.0,647.0,0.4293478260869565,0.0,0.062111801242236,0.7082352941176469,185.0,26.5,0.45,0.0113448275862068,2.0,1.7,0.4105263157894737,31.5,16.0,0.4148936170212766,2.0,2.4,7.6,0
1028,16.932116504854367,0.29,0.3218189655172416,68.04684684684685,0.0,1.3819875776397517,24.0,4.233898305084746,2.0,320.0,0.4293478260869565,0.0,0.062111801242236,0.7082352941176469,42.0,9.0,2.6025,0.0113448275862068,2.0,1.4496478873239438,0.4105263157894737,49.16819444444443,17.731818181818184,0.4148936170212766,2.0,1.3,7.8,0
542,16.932116504854367,0.1397524429967422,0.3218189655172416,68.04684684684685,20.7088,0.0,44.0,5.0,3.4260752688172045,1062.0,0.4293478260869565,0.4129032258064516,0.0,0.7082352941176469,10.0,61.266284584980255,2.6025,0.0113448275862068,1.6276276276276276,1.4496478873239438,0.0,49.16819444444443,17.731818181818184,0.0,1.5967213114754095,0.3,6.5,0
1027,16.932116504854367,0.73,0.3218189655172416,68.04684684684685,0.0,1.3819875776397517,300.0,4.233898305084746,11.0,1683.0,0.4293478260869565,0.0,0.062111801242236,0.7082352941176469,43.0,47.0,2.6025,0.0113448275862068,4.0,1.4496478873239438,0.4105263157894737,49.16819444444443,17.731818181818184,0.4148936170212766,4.0,1.0,7.7,1
2311,16.932116504854367,0.22,0.3218189655172416,68.04684684684685,0.0,1.3819875776397517,4.0,4.233898305084746,2.0,457.0,0.4293478260869565,0.0,0.062111801242236,0.7082352941176469,150.0,23.0,2.6025,0.0113448275862068,2.0,1.4496478873239438,0.4105263157894737,49.16819444444443,17.731818181818184,0.4148936170212766,2.0,1.6,7.6,0
297,16.932116504854367,0.05,0.3218189655172416,68.04684684684685,20.7088,0.0,0.0,4.233898305084746,0.0,498.0,0.4293478260869565,0.4129032258064516,0.0,0.7082352941176469,20.0,10.0,2.6025,0.0113448275862068,1.0,1.4496478873239438,0.4105263157894737,49.16819444444443,17.731818181818184,0.4148936170212766,1.0,1.0,7.3,0
1117,16.932116504854367,0.1397524429967422,0.3218189655172416,68.04684684684685,0.0,1.3819875776397517,0.0,4.233898305084746,4.0,716.0,0.4293478260869565,0.0,0.062111801242236,0.7082352941176469,136.87798387096777,61.266284584980255,2.6025,0.0113448275862068,1.0,1.4496478873239438,0.4105263157894737,49.16819444444443,17.731818181818184,0.4148936170212766,1.0,1.0,7.5,0
1409,16.932116504854367,0.08,0.3218189655172416,68.04684684684685,0.0,1.3819875776397517,4.0,0.0,3.4260752688172045,448.0,0.0,0.0,0.062111801242236,0.7082352941176469,136.87798387096777,61.266284584980255,2.6025,0.0113448275862068,1.6276276276276276,1.4496478873239438,0.0,49.16819444444443,17.731818181818184,0.0,1.5967213114754095,0.64,7.8,0
355,16.932116504854367,0.05,0.3218189655172416,68.04684684684685,20.7088,0.0,4.0,4.233898305084746,0.0,379.0,0.4293478260869565,0.4129032258064516,0.0,0.7082352941176469,20.0,61.266284584980255,2.6025,0.0113448275862068,1.0,1.4496478873239438,0.4105263157894737,49.16819444444443,17.731818181818184,0.4148936170212766,1.0,1.0,7.3,0
805,16.932116504854367,0.1397524429967422,0.3218189655172416,68.04684684684685,0.0,1.3819875776397517,4.0,4.233898305084746,13.0,570.0,0.4293478260869565,0.0,0.062111801242236,0.7082352941176469,2000.0,61.266284584980255,2.6025,0.0113448275862068,4.0,1.4496478873239438,0.4105263157894737,49.16819444444443,17.731818181818184,0.4148936170212766,4.0,10.0,7.7,1
527,16.932116504854367,0.1397524429967422,0.3218189655172416,68.04684684684685,20.7088,0.0,0.0,4.233898305084746,0.0,491.0,0.4293478260869565,0.4129032258064516,0.0,0.7082352941176469,428.0,61.266284584980255,2.6025,0.0113448275862068,1.0,1.4496478873239438,0.4105263157894737,49.16819444444443,17.731818181818184,0.4148936170212766,1.0,1.4,7.5,1
1074,16.932116504854367,0.05,0.3218189655172416,68.04684684684685,20.7088,0.0,39.82432432432432,5.0,3.4260752688172045,338.0,0.0,0.4129032258064516,0.0,0.7082352941176469,43.0,0.5,2.6025,0.0113448275862068,1.6276276276276276,1.4496478873239438,0.0,49.16819444444443,17.731818181818184,0.0,1.5967213114754095,1.4040811455847253,7.98,0
562,16.932116504854367,0.1397524429967422,0.3218189655172416,68.04684684684685,20.7088,0.0,0.0,5.0,3.4260752688172045,152.8,0.4293478260869565,0.4129032258064516,0.0,0.7082352941176469,136.87798387096777,61.266284584980255,2.6025,0.0113448275862068,1.6276276276276276,1.4496478873239438,0.0,49.16819444444443,30.0,0.0,1.5967213114754095,1.3,6.5,0
629,16.932116504854367,0.1397524429967422,0.3218189655172416,68.04684684684685,20.7088,0.0,0.0,4.233898305084746,0.0,372.0,0.4293478260869565,0.4129032258064516,0.0,0.7082352941176469,115.0,541.0,2.6025,0.0113448275862068,1.0,1.4496478873239438,0.4105263157894737,49.16819444444443,17.731818181818184,0.4148936170212766,1.0,1.0,7.6,1
444,16.932116504854367,0.05,0.3218189655172416,23.0,0.0,100.0,300.0,4.233898305084746,5.0,758.0,0.0,0.0,0.0,0.24,460.0,11.0,19.3,0.01,4.0,0.96,0.4105263157894737,12.3,34.0,0.4148936170212766,4.0,2.0,7.6,1
399,10.0,0.05,0.2,3.2,20.7088,0.0,16.0,4.233898305084746,0.0,387.0,0.0,0.4129032258064516,0.0,0.6,20.0,6.0,1.0,0.002,1.0,1.1,0.4105263157894737,30.0,8.8,0.4148936170212766,1.0,1.0,7.7,0
590,16.932116504854367,0.14,0.3218189655172416,68.04684684684685,20.7088,0.0,39.82432432432432,1.5,3.4260752688172045,421.0,0.4293478260869565,0.4129032258064516,0.0,0.7082352941176469,122.0,61.266284584980255,2.6025,0.0113448275862068,1.6276276276276276,1.4496478873239438,0.0,49.16819444444443,17.731818181818184,0.0,1.5967213114754095,0.2,7.7,0
1099,16.932116504854367,0.1397524429967422,0.3218189655172416,68.04684684684685,0.0,1.3819875776397517,300.0,4.233898305084746,11.0,579.0,0.4293478260869565,0.0,0.062111801242236,0.7082352941176469,136.87798387096777,61.266284584980255,2.6025,0.0113448275862068,2.0,1.4496478873239438,0.4105263157894737,49.16819444444443,17.731818181818184,0.4148936170212766,2.0,1.0,7.6,0
658,16.932116504854367,0.1397524429967422,0.3218189655172416,68.04684684684685,20.7088,0.0,1.0,4.233898305084746,3.0,646.0,0.4293478260869565,0.4129032258064516,0.0,0.7082352941176469,73.0,61.266284584980255,2.6025,0.0113448275862068,1.6276276276276276,1.4496478873239438,1.0,49.16819444444443,17.731818181818184,1.0,1.5967213114754095,0.6,7.47,0
2078,5.0,0.21,3.7,62.0,4.1,1.3819875776397517,24.0,4.233898305084746,4.0,495.0,0.0,0.0,0.062111801242236,1.0,200.0,35.0,0.45,0.01,16.0,0.8,0.4105263157894737,48.1,6.0,0.4148936170212766,16.0,4.9,8.0,1
521,10.0,0.05,0.1,1.4,20.7088,0.0,7.0,4.233898305084746,0.0,355.0,0.0,0.4129032258064516,0.0,0.1,54.0,23.0,1.0,0.002,1.0,1.0,0.4105263157894737,2.7,3.8,0.4148936170212766,1.0,1.0,7.5,0
430,40.0,0.113,0.269,196.0,20.7088,0.0,0.0,4.233898305084746,10.8,982.0,0.0,0.4129032258064516,0.0,0.49,155.0,4.7,0.44,0.004,1.0,1.2,1.0,171.8,5.0,1.0,1.0,1.11,8.2,0
826,16.932116504854367,0.31,0.3218189655172416,218.0,0.0,1.3819875776397517,0.0,4.233898305084746,3.0,975.0,0.4293478260869565,0.0,0.062111801242236,0.7082352941176469,36.0,5.0,2.6025,0.0113448275862068,4.0,1.4496478873239438,0.4105263157894737,49.16819444444443,17.731818181818184,0.4148936170212766,4.0,1.0,8.2,0
1313,16.932116504854367,0.1397524429967422,0.3218189655172416,68.04684684684685,20.7088,0.0,34.0,4.233898305084746,4.1,716.0,0.4293478260869565,0.4129032258064516,0.0,0.7082352941176469,83.0,61.266284584980255,2.6025,0.0113448275862068,1.6276276276276276,1.4496478873239438,0.4105263157894737,49.16819444444443,17.731818181818184,0.4148936170212766,1.5967213114754095,1.0,7.03,0
877,16.932116504854367,0.1397524429967422,0.3218189655172416,68.04684684684685,0.0,1.3819875776397517,0.0,4.233898305084746,3.4260752688172045,553.7009302325581,0.4293478260869565,0.0,0.062111801242236,0.7082352941176469,136.87798387096777,61.266284584980255,2.6025,0.0113448275862068,1.6276276276276276,1.4496478873239438,0.4105263157894737,49.16819444444443,17.731818181818184,0.4148936170212766,1.5967213114754095,1.4040811455847253,7.58685185185185,0
881,16.932116504854367,0.1397524429967422,0.3218189655172416,68.04684684684685,0.0,1.3819875776397517,5.0,4.233898305084746,3.4260752688172045,553.7009302325581,0.4293478260869565,0.0,0.062111801242236,0.7082352941176469,136.87798387096777,61.266284584980255,2.6025,0.0113448275862068,1.6276276276276276,1.4496478873239438,0.4105263157894737,49.16819444444443,17.731818181818184,0.4148936170212766,1.5967213114754095,1.4040811455847253,7.58685185185185,0
1450,16.932116504854367,0.1397524429967422,0.3218189655172416,68.04684684684685,20.7088,0.0,39.82432432432432,4.233898305084746,3.4260752688172045,553.7009302325581,0.4293478260869565,0.4129032258064516,0.0,0.7082352941176469,136.87798387096777,61.266284584980255,2.6025,0.0113448275862068,1.6276276276276276,1.4496478873239438,0.4105263157894737,49.16819444444443,17.731818181818184,0.4148936170212766,1.5967213114754095,1.4040811455847253,7.58685185185185,0
509,16.932116504854367,0.1397524429967422,0.3218189655172416,68.04684684684685,20.7088,0.0,0.0,4.233898305084746,0.0,451.0,0.4293478260869565,0.4129032258064516,0.0,0.7082352941176469,27.0,10.0,2.6025,0.0113448275862068,1.0,1.4496478873239438,0.4105263157894737,49.16819444444443,17.731818181818184,0.4148936170212766,1.0,1.0,7.3,0
1602,16.932116504854367,0.14,0.3218189655172416,26.0,20.7088,0.0,300.0,4.233898305084746,12.0,553.0,0.0,0.4129032258064516,0.0,0.7082352941176469,1270.0,23.0,2.6025,0.0113448275862068,8.0,0.88,0.4105263157894737,47.3,3.0,0.4148936170212766,1.5967213114754095,7.0,7.7,1
1141,5.0,0.11,0.717,68.04684684684685,20.7088,0.0,39.82432432432432,4.233898305084746,8.3,448.0,0.0,0.4129032258064516,0.0,0.7082352941176469,136.87798387096777,61.266284584980255,2.6025,0.0113448275862068,1.0,0.42,0.4105263157894737,49.16819444444443,2.8,0.4148936170212766,1.0,1.93,8.02,0
979,16.932116504854367,0.1397524429967422,0.3218189655172416,68.04684684684685,0.0,1.3819875776397517,7.0,4.233898305084746,6.0,543.0,0.4293478260869565,0.0,0.062111801242236,0.7082352941176469,530.0,61.266284584980255,2.6025,0.0113448275862068,2.0,1.4496478873239438,0.4105263157894737,49.16819444444443,17.731818181818184,0.4148936170212766,2.0,1.0,7.2,1
605,16.932116504854367,0.1397524429967422,0.3218189655172416,68.04684684684685,20.7088,0.0,0.0,4.233898305084746,0.0,326.0,0.4293478260869565,0.4129032258064516,0.0,0.7082352941176469,20.0,87.0,2.6025,0.0113448275862068,1.0,1.4496478873239438,0.4105263157894737,49.16819444444443,17.731818181818184,0.4148936170212766,1.0,1.0,7.4,1
1465,16.932116504854367,0.24,0.3218189655172416,68.04684684684685,20.7088,0.0,0.0,4.233898305084746,8.1,878.0,0.0,0.4129032258064516,0.0,0.7082352941176469,889.0,61.266284584980255,2.6025,0.0113448275862068,1.0,1.4496478873239438,0.4105263157894737,49.16819444444443,17.731818181818184,0.4148936170212766,1.0,2.0,7.87,1
426,16.932116504854367,0.05,0.3218189655172416,68.04684684684685,20.7088,0.0,2.0,2.1,3.4260752688172045,593.0,0.4293478260869565,0.4129032258064516,0.0,0.05,23.0,61.266284584980255,2.6025,0.0113448275862068,1.6276276276276276,1.4496478873239438,0.0,49.16819444444443,17.731818181818184,0.0,1.5967213114754095,0.2,7.5,0
474,16.932116504854367,0.1397524429967422,0.3218189655172416,68.04684684684685,20.7088,0.0,1.0,1.7,3.4260752688172045,561.0,0.4293478260869565,0.4129032258064516,0.0,0.7082352941176469,22.0,20.0,2.6025,0.0113448275862068,1.6276276276276276,1.4496478873239438,0.0,49.16819444444443,17.731818181818184,0.0,1.5967213114754095,0.2,7.6,0
751,4.0,0.08,0.257,361.0,20.7088,0.0,8.0,4.233898305084746,21.4,1394.0,0.0,0.4129032258064516,0.0,0.82,219.0,33.0,1.0,0.009,1.0,1.02,0.4105263157894737,178.9,4.8,0.4148936170212766,1.0,1.46,7.98,1
380,16.932116504854367,0.05,0.3218189655172416,68.04684684684685,20.7088,0.0,0.0,4.233898305084746,0.0,572.0,0.4293478260869565,0.4129032258064516,0.0,0.7082352941176469,20.0,61.266284584980255,2.6025,0.0113448275862068,1.0,1.4496478873239438,0.4105263157894737,49.16819444444443,17.731818181818184,0.4148936170212766,1.0,1.0,7.4,0
277,10.0,0.05,0.1,24.0,20.7088,0.0,7.0,4.233898305084746,0.0,636.0,0.0,0.4129032258064516,0.0,0.3,25.0,10.0,2.0,0.002,1.0,1.3,0.4105263157894737,13.0,60.0,0.4148936170212766,1.0,1.3,7.6,0
934,16.932116504854367,0.05,0.3218189655172416,68.04684684684685,20.7088,0.0,39.82432432432432,5.0,3.4260752688172045,339.0,0.0,0.4129032258064516,0.0,0.7082352941176469,52.0,0.5,2.6025,0.0113448275862068,1.6276276276276276,1.4496478873239438,0.0,49.16819444444443,17.731818181818184,0.0,1.5967213114754095,1.4040811455847253,8.05,0
360,16.932116504854367,0.05,0.3218189655172416,68.04684684684685,20.7088,0.0,4.0,4.233898305084746,0.0,462.0,0.4293478260869565,0.4129032258064516,0.0,0.7082352941176469,136.87798387096777,61.266284584980255,2.6025,0.0113448275862068,1.0,1.4496478873239438,0.4105263157894737,49.16819444444443,17.731818181818184,0.4148936170212766,1.0,1.0,7.5,0
436,16.932116504854367,0.05,0.3218189655172416,68.04684684684685,20.7088,0.0,0.0,4.233898305084746,0.0,308.0,0.4293478260869565,0.4129032258064516,0.0,0.7082352941176469,20.0,26.0,2.6025,0.0113448275862068,1.0,1.4496478873239438,0.4105263157894737,49.16819444444443,17.731818181818184,0.4148936170212766,1.0,1.0,7.4,0
367,10.0,0.05,0.3,6.3,20.7088,0.0,4.0,4.233898305084746,0.0,295.0,0.0,0.4129032258064516,0.0,1.3,20.0,10.0,1.0,0.002,1.0,1.1,0.4105263157894737,24.0,5.6,0.4148936170212766,1.0,1.0,7.6,0
349,10.0,0.05,0.4,1.4,20.7088,0.0,0.0,4.233898305084746,0.0,90.6,0.0,0.4129032258064516,0.0,0.2,20.0,10.0,1.0,0.005,1.0,0.7,0.4105263157894737,5.3,1.3,0.4148936170212766,1.0,1.0,7.5,0
1319,16.932116504854367,0.1397524429967422,0.3218189655172416,68.04684684684685,0.0,1.3819875776397517,10.0,4.233898305084746,4.0,413.0,0.4293478260869565,0.0,0.062111801242236,0.7082352941176469,120.0,12.0,2.6025,0.0113448275862068,1.0,1.4496478873239438,0.4105263157894737,49.16819444444443,17.731818181818184,0.4148936170212766,1.0,1.3,7.8,0
1485,10.0,0.05,0.1,7.3,20.7088,0.0,60.0,4.233898305084746,0.0,512.0,0.0,0.4129032258064516,0.0,0.1,20.0,10.0,9.8,0.002,1.0,1.0,0.4105263157894737,5.0,15.0,0.4148936170212766,1.0,1.0,7.6,0
1297,16.932116504854367,0.1397524429967422,0.3218189655172416,68.04684684684685,0.0,1.3819875776397517,41.0,4.233898305084746,2.0,634.0,0.4293478260869565,0.0,0.062111801242236,0.7082352941176469,20.0,20.0,2.6025,0.0113448275862068,2.0,1.4496478873239438,0.4105263157894737,49.16819444444443,17.731818181818184,0.4148936170212766,2.0,1.0,7.5,0
1051,16.932116504854367,0.08,0.3218189655172416,68.04684684684685,20.7088,0.0,39.82432432432432,4.233898305084746,8.4,454.0,0.4293478260869565,0.4129032258064516,0.0,0.7082352941176469,136.87798387096777,61.266284584980255,2.6025,0.0113448275862068,1.0,1.4496478873239438,0.4105263157894737,49.16819444444443,2.8,0.4148936170212766,1.0,0.68,7.88,0
1073,16.932116504854367,0.1397524429967422,0.3218189655172416,68.04684684684685,20.7088,0.0,0.0,4.233898305084746,3.8,470.0,0.4293478260869565,0.4129032258064516,0.0,0.7082352941176469,136.87798387096777,61.266284584980255,1.0,0.004,1.0,1.4496478873239438,0.4105263157894737,49.16819444444443,7.2,0.4148936170212766,1.0,0.59,7.64,0
328,16.932116504854367,0.05,0.3218189655172416,68.04684684684685,20.7088,0.0,83.0,4.233898305084746,0.0,396.0,0.4293478260869565,0.4129032258064516,0.0,0.7082352941176469,20.0,61.266284584980255,2.6025,0.0113448275862068,1.0,1.4496478873239438,0.4105263157894737,49.16819444444443,17.731818181818184,0.4148936170212766,1.0,1.0,7.5,0
682,16.932116504854367,0.1397524429967422,0.3218189655172416,68.04684684684685,20.7088,0.0,34.0,4.233898305084746,3.0,623.0,0.4293478260869565,0.4129032258064516,0.0,0.7082352941176469,136.87798387096777,61.266284584980255,2.6025,0.0113448275862068,1.6276276276276276,1.4496478873239438,1.0,49.16819444444443,17.731818181818184,1.0,1.5967213114754095,0.5,7.32,0
1101,16.932116504854367,0.05,0.3218189655172416,68.04684684684685,0.0,1.3819875776397517,44.0,4.233898305084746,3.0,180.0,0.4293478260869565,0.0,0.062111801242236,0.7082352941176469,58.0,5.0,2.6025,0.0113448275862068,2.0,1.4496478873239438,0.4105263157894737,49.16819444444443,17.731818181818184,0.4148936170212766,2.0,1.0,7.7,0
689,16.932116504854367,0.05,0.3218189655172416,68.04684684684685,20.7088,0.0,5.0,4.233898305084746,3.0,712.0,0.4293478260869565,0.4129032258064516,0.0,1.12,136.87798387096777,61.266284584980255,2.6025,0.003,1.6276276276276276,1.4496478873239438,1.0,49.16819444444443,17.731818181818184,1.0,1.5967213114754095,0.5,7.57,0
1103,16.932116504854367,0.1397524429967422,0.3218189655172416,68.04684684684685,0.0,1.3819875776397517,10.0,4.233898305084746,3.0,515.0,0.4293478260869565,0.0,0.062111801242236,0.7082352941176469,136.87798387096777,61.266284584980255,2.6025,0.0113448275862068,2.0,1.4496478873239438,0.4105263157894737,49.16819444444443,17.731818181818184,0.4148936170212766,2.0,1.3,8.0,0
1185,16.932116504854367,0.1397524429967422,0.3218189655172416,68.04684684684685,0.0,1.3819875776397517,0.0,4.233898305084746,2.0,576.0,0.4293478260869565,0.0,0.062111801242236,0.7082352941176469,17.0,61.266284584980255,2.6025,0.0113448275862068,1.0,1.4496478873239438,0.4105263157894737,49.16819444444443,17.731818181818184,0.4148936170212766,1.0,1.0,7.7,0
981,16.932116504854367,0.1397524429967422,0.3218189655172416,68.04684684684685,0.0,1.3819875776397517,5.0,4.233898305084746,2.0,581.0,0.4293478260869565,0.0,0.062111801242236,0.7082352941176469,13.0,61.266284584980255,2.6025,0.0113448275862068,1.0,1.4496478873239438,0.4105263157894737,49.16819444444443,17.731818181818184,0.4148936170212766,1.0,1.0,7.2,0
1235,16.932116504854367,0.05,0.811,68.04684684684685,20.7088,0.0,8.0,4.233898305084746,0.5,736.0,0.4293478260869565,0.4129032258064516,0.0,1.5,136.87798387096777,61.266284584980255,2.6025,0.003,1.6276276276276276,1.4496478873239438,1.0,49.16819444444443,17.731818181818184,1.0,1.5967213114754095,1.4040811455847253,7.58,0
502,16.932116504854367,0.05,0.3218189655172416,68.04684684684685,20.7088,0.0,39.82432432432432,2.5,3.4260752688172045,248.0,0.0,0.4129032258064516,0.0,1.39,55.0,61.266284584980255,2.6025,0.0113448275862068,1.6276276276276276,1.4496478873239438,0.0,49.16819444444443,17.731818181818184,0.0,1.5967213114754095,0.3,7.8,0
705,16.932116504854367,0.08,0.978,68.04684684684685,20.7088,0.0,3.0,4.233898305084746,3.0,377.0,0.4293478260869565,0.4129032258064516,0.0,1.17,24.0,61.266284584980255,2.6025,0.003,1.6276276276276276,1.4496478873239438,1.0,49.16819444444443,17.731818181818184,1.0,1.5967213114754095,0.5,7.36,0
1727,5.0,0.13,0.3218189655172416,68.04684684684685,20.7088,0.0,123.0,4.233898305084746,6.8,525.0,0.4293478260869565,0.4129032258064516,0.0,0.7082352941176469,58.0,30.4,2.6025,0.0113448275862068,1.0,1.4496478873239438,0.4105263157894737,8.4,17.731818181818184,0.4148936170212766,1.0,0.59,7.48,0
344,16.932116504854367,0.05,0.3218189655172416,68.04684684684685,20.7088,0.0,0.0,4.233898305084746,0.0,224.0,0.0,0.4129032258064516,0.0,0.7082352941176469,46.0,61.266284584980255,2.6025,0.0113448275862068,1.0,1.4496478873239438,0.4105263157894737,49.16819444444443,17.731818181818184,0.4148936170212766,1.0,1.0,7.8,0
284,16.932116504854367,0.05,0.3218189655172416,68.04684684684685,20.7088,17.0,224.0,4.233898305084746,0.0,141.0,4.0,0.4129032258064516,0.0,1.1,136.87798387096777,61.266284584980255,2.6025,0.0113448275862068,1.0,1.4496478873239438,0.4105263157894737,49.16819444444443,17.731818181818184,0.4148936170212766,1.0,1.0,7.3,1
767,16.932116504854367,0.06,0.3218189655172416,68.04684684684685,20.7088,0.0,0.0,5.0,3.4260752688172045,733.0,0.4293478260869565,0.4129032258064516,0.0,0.7082352941176469,132.0,61.266284584980255,2.6025,0.0113448275862068,1.6276276276276276,1.4496478873239438,0.0,49.16819444444443,17.731818181818184,0.0,1.5967213114754095,0.3,7.2,0
1096,5.0,0.24,0.126,116.0,0.0,1.3819875776397517,4.0,4.233898305084746,2.0,633.0,0.0,0.0,0.062111801242236,0.62,185.0,40.0,0.45,0.069,4.0,1.8,0.4105263157894737,59.6,17.0,0.4148936170212766,16.0,4.1,7.7,1
546,16.932116504854367,0.19,0.3218189655172416,68.04684684684685,20.7088,0.0,39.82432432432432,4.233898305084746,10.0,544.0,0.4293478260869565,0.4129032258064516,0.0,0.7082352941176469,215.0,61.266284584980255,2.6025,0.0113448275862068,1.0,1.4496478873239438,0.4105263157894737,49.16819444444443,11.5,0.4148936170212766,1.0,1.1,7.55,1
676,16.932116504854367,0.1397524429967422,0.3218189655172416,68.04684684684685,20.7088,0.0,300.0,4.233898305084746,5.6,662.0,0.0,0.4129032258064516,0.0,0.7082352941176469,136.87798387096777,61.266284584980255,2.6025,0.0113448275862068,2.0,1.4496478873239438,0.4105263157894737,49.16819444444443,17.2,0.4148936170212766,2.0,0.58,7.98,1
722,16.932116504854367,0.25,0.3218189655172416,68.04684684684685,20.7088,0.0,29.0,4.233898305084746,6.0,696.0,0.4293478260869565,0.4129032258064516,0.0,0.7082352941176469,97.0,61.266284584980255,2.6025,0.0113448275862068,1.6276276276276276,1.4496478873239438,2.0,49.16819444444443,17.731818181818184,1.0,1.5967213114754095,0.5,8.09,0
760,16.932116504854367,0.08,0.3218189655172416,68.04684684684685,20.7088,0.0,4.0,4.233898305084746,8.6,926.0,0.0,0.4129032258064516,0.0,0.7082352941176469,136.87798387096777,61.266284584980255,2.6025,0.0113448275862068,1.0,1.4496478873239438,0.4105263157894737,49.16819444444443,17.731818181818184,0.4148936170212766,1.0,1.9,7.87,0
1775,16.932116504854367,0.05,0.3218189655172416,68.04684684684685,20.7088,0.0,39.82432432432432,4.233898305084746,0.0,397.0,0.4293478260869565,0.4129032258064516,0.0,0.7082352941176469,23.0,61.266284584980255,2.6025,0.0113448275862068,1.0,1.4496478873239438,0.4105263157894737,49.16819444444443,17.731818181818184,0.4148936170212766,1.0,1.0,7.7,0
685,16.932116504854367,0.11,0.3218189655172416,68.04684684684685,0.0,1.3819875776397517,39.82432432432432,4.233898305084746,10.0,706.0,0.4293478260869565,0.0,0.062111801242236,0.7082352941176469,205.0,61.266284584980255,2.6025,0.0113448275862068,2.0,1.4496478873239438,0.4105263157894737,49.16819444444443,17.731818181818184,0.4148936170212766,2.0,2.0,6.9,1
261,16.932116504854367,3.19,0.3218189655172416,68.04684684684685,20.7088,0.0,0.0,4.233898305084746,0.0,392.0,0.0,0.4129032258064516,0.0,0.7082352941176469,1570.0,860.0,2.6025,0.0113448275862068,1.0,3.4,0.4105263157894737,9.9,1.0,0.4148936170212766,1.0,1.0,7.5,1
841,5.0,0.12,0.725,133.0,0.0,1.3819875776397517,39.0,4.233898305084746,5.0,713.0,0.0,0.0,0.062111801242236,1.4,69.0,6.0,0.45,0.01,4.0,1.4,0.4105263157894737,75.2,34.0,0.4148936170212766,4.0,1.0,8.0,0
441,16.932116504854367,0.05,0.3218189655172416,68.04684684684685,20.7088,0.0,39.82432432432432,4.233898305084746,0.0,288.0,0.4293478260869565,0.4129032258064516,0.0,0.7082352941176469,233.0,61.266284584980255,2.6025,0.0113448275862068,1.0,1.4496478873239438,0.4105263157894737,49.16819444444443,17.731818181818184,0.4148936170212766,1.0,3.0,8.3,1
1215,16.932116504854367,0.05,0.3218189655172416,68.04684684684685,0.0,1.3819875776397517,4.0,4.233898305084746,2.0,653.0,0.0,0.0,0.062111801242236,0.7082352941176469,30.0,5.0,2.6025,0.0113448275862068,1.0,3.2,0.4105263157894737,56.6,26.0,0.4148936170212766,1.5967213114754095,1.0,8.6,0
850,16.932116504854367,0.1397524429967422,0.3218189655172416,68.04684684684685,0.0,1.3819875776397517,145.0,4.233898305084746,3.0,461.0,0.0,0.0,0.062111801242236,0.7082352941176469,47.0,5.0,2.6025,0.0113448275862068,2.0,1.4496478873239438,0.4105263157894737,49.16819444444443,17.731818181818184,0.4148936170212766,2.0,1.0,7.7,0
1209,16.932116504854367,0.1397524429967422,0.807,68.04684684684685,20.7088,0.0,1.0,4.233898305084746,3.0,553.7009302325581,0.4293478260869565,0.4129032258064516,0.0,0.88,31.0,61.266284584980255,2.6025,0.0113448275862068,1.6276276276276276,1.4496478873239438,1.0,49.16819444444443,17.731818181818184,1.0,1.5967213114754095,0.5,7.8,0
524,16.932116504854367,0.05,0.3218189655172416,68.04684684684685,20.7088,0.0,39.82432432432432,1.5,3.4260752688172045,302.0,0.4293478260869565,0.4129032258064516,0.0,1.3,20.0,61.266284584980255,2.6025,0.0113448275862068,1.6276276276276276,1.4496478873239438,0.0,49.16819444444443,17.731818181818184,0.0,1.5967213114754095,0.2,8.2,0
197,10.0,0.05,0.1,1.8,20.7088,0.0,4.0,4.233898305084746,0.0,557.0,0.0,0.4129032258064516,0.0,0.2,30.0,17.0,2.0,0.002,1.0,0.9,0.4105263157894737,8.0,3.4,0.4148936170212766,1.0,1.0,7.7,0
1082,16.932116504854367,0.1397524429967422,0.3218189655172416,68.04684684684685,0.0,1.3819875776397517,186.0,4.233898305084746,3.0,478.0,0.4293478260869565,0.0,0.062111801242236,0.7082352941176469,40.0,61.266284584980255,2.6025,0.0113448275862068,2.0,1.4496478873239438,0.4105263157894737,49.16819444444443,17.731818181818184,0.4148936170212766,2.0,1.0,7.9,0
354,16.932116504854367,0.24,0.3218189655172416,68.04684684684685,20.7088,0.0,0.0,4.233898305084746,0.0,536.0,0.0,0.4129032258064516,0.0,0.7082352941176469,20.0,10.0,2.6025,0.0113448275862068,1.0,1.1,0.4105263157894737,14.0,16.0,0.4148936170212766,1.5967213114754095,1.0,7.2,0
1216,5.0,0.05,0.107,98.0,0.0,1.3819875776397517,5.0,4.233898305084746,2.0,618.0,0.0,0.0,0.062111801242236,0.93,16.0,2.0,0.5,0.01,2.0,1.5,0.4105263157894737,52.3,26.0,0.4148936170212766,2.0,1.0,8.1,0
499,16.932116504854367,0.1397524429967422,0.3218189655172416,68.04684684684685,20.7088,0.0,4.0,4.233898305084746,0.0,411.0,0.4293478260869565,0.4129032258064516,0.0,0.7082352941176469,20.0,10.0,2.6025,0.0113448275862068,1.0,1.4496478873239438,0.4105263157894737,49.16819444444443,17.731818181818184,0.4148936170212766,1.0,1.0,7.6,0
471,16.932116504854367,0.1397524429967422,0.3218189655172416,68.04684684684685,20.7088,0.0,1.0,7.0,3.4260752688172045,632.0,0.4293478260869565,0.4129032258064516,0.0,0.7082352941176469,64.0,61.266284584980255,2.6025,0.0113448275862068,1.6276276276276276,1.4496478873239438,0.0,49.16819444444443,17.731818181818184,0.0,1.5967213114754095,0.5,7.5,0
807,16.932116504854367,0.07,0.3218189655172416,68.04684684684685,0.0,1.3819875776397517,0.0,5.0,3.4260752688172045,768.0,0.0,0.0,0.062111801242236,0.7082352941176469,47.0,2.6,2.6025,0.0113448275862068,1.6276276276276276,1.4496478873239438,0.0,49.16819444444443,17.731818181818184,0.0,1.5967213114754095,1.0,7.36,0
1912,16.932116504854367,0.49,0.3218189655172416,68.04684684684685,0.0,0.0,300.0,4.233898305084746,6.0,1039.0,0.0,0.0,0.0,0.7082352941176469,160.0,40.0,2.6025,0.0113448275862068,2.0,0.72,0.4105263157894737,75.9,3.0,0.4148936170212766,2.0,1.6,7.5,0
711,16.932116504854367,0.1397524429967422,0.3218189655172416,68.04684684684685,20.7088,0.0,6.0,4.233898305084746,5.0,565.0,0.4293478260869565,0.4129032258064516,0.0,0.7082352941176469,120.0,61.266284584980255,2.6025,0.0113448275862068,1.6276276276276276,1.4496478873239438,1.0,49.16819444444443,17.731818181818184,1.0,1.5967213114754095,0.5,7.46,0
391,10.0,0.05,0.3,3.6,20.7088,0.0,6.0,4.233898305084746,0.0,219.0,0.0,0.4129032258064516,0.0,1.3,144.0,10.0,1.0,0.002,1.0,1.3,0.4105263157894737,24.0,12.0,0.4148936170212766,1.0,1.0,7.8,0
497,10.0,0.05,0.1,4.1,20.7088,0.0,146.0,4.233898305084746,0.0,403.0,0.0,0.4129032258064516,0.0,0.3,24.0,10.0,3.4,0.002,1.0,0.9,0.4105263157894737,3.7,12.0,0.4148936170212766,1.0,1.0,7.6,0
744,16.932116504854367,0.1397524429967422,0.3218189655172416,68.04684684684685,0.0,1.3819875776397517,18.0,4.233898305084746,9.0,645.0,0.4293478260869565,0.0,0.062111801242236,0.7082352941176469,610.0,61.266284584980255,2.6025,0.0113448275862068,4.0,1.4496478873239438,0.4105263157894737,49.16819444444443,17.731818181818184,0.4148936170212766,4.0,1.0,7.0,1
336,16.932116504854367,0.17,0.3218189655172416,68.04684684684685,0.0,1.3819875776397517,25.0,4.233898305084746,6.0,732.0,0.0,0.0,0.062111801242236,0.7082352941176469,36.0,2.0,2.6025,0.0113448275862068,2.0,2.3,0.4105263157894737,44.8,4.0,0.4148936170212766,1.5967213114754095,1.0,7.7,0
1368,16.932116504854367,0.08,0.006,68.04684684684685,20.7088,14.0,820.0,4.233898305084746,7.1,561.0,65.0,0.4129032258064516,10.0,0.7082352941176469,136.87798387096777,61.266284584980255,2.6025,0.0113448275862068,1.0,1.4496478873239438,0.4105263157894737,49.16819444444443,16.4,0.4148936170212766,1.0,0.5,7.43,1
214,16.932116504854367,0.1397524429967422,0.3218189655172416,68.04684684684685,20.7088,0.0,0.0,4.233898305084746,0.0,545.0,0.4293478260869565,0.4129032258064516,0.0,0.7082352941176469,20.0,11.0,2.6025,0.0113448275862068,1.0,1.4496478873239438,0.4105263157894737,49.16819444444443,17.731818181818184,0.4148936170212766,1.0,1.0,7.3,0
1659,16.932116504854367,0.64,0.3218189655172416,68.04684684684685,64.4,1.3819875776397517,168.0,4.233898305084746,7.0,699.0,0.0,0.0,0.062111801242236,0.51,290.0,100.0,2.6025,0.0113448275862068,1.6276276276276276,1.4496478873239438,0.4105263157894737,49.16819444444443,17.731818181818184,0.4148936170212766,1.5967213114754095,0.5,7.4,1
1612,16.932116504854367,0.12,0.3218189655172416,68.04684684684685,20.7088,0.0,0.0,4.233898305084746,0.0,338.0,0.0,0.4129032258064516,0.0,0.7082352941176469,666.0,314.0,2.6025,0.0113448275862068,1.0,0.9,0.4105263157894737,3.2,1.9,0.4148936170212766,1.5967213114754095,10.0,7.2,1
417,16.932116504854367,0.1397524429967422,0.3218189655172416,68.04684684684685,20.7088,0.0,4.0,4.233898305084746,0.0,449.0,0.4293478260869565,0.4129032258064516,0.0,0.7082352941176469,145.0,13.0,2.6025,0.0113448275862068,1.0,1.4496478873239438,0.4105263157894737,49.16819444444443,17.731818181818184,0.4148936170212766,1.0,2.3,7.8,0
507,16.932116504854367,0.1397524429967422,0.3218189655172416,68.04684684684685,20.7088,0.0,0.0,4.233898305084746,0.0,393.0,0.4293478260869565,0.4129032258064516,0.0,0.7082352941176469,20.0,17.0,2.6025,0.0113448275862068,1.0,1.4496478873239438,0.4105263157894737,49.16819444444443,17.731818181818184,0.4148936170212766,1.0,1.0,7.4,0
1190,16.932116504854367,0.1397524429967422,0.3218189655172416,68.04684684684685,0.0,1.3819875776397517,10.0,4.233898305084746,3.0,653.0,0.4293478260869565,0.0,0.062111801242236,0.7082352941176469,62.0,61.266284584980255,2.6025,0.0113448275862068,1.0,1.4496478873239438,0.4105263157894737,49.16819444444443,17.731818181818184,0.4148936170212766,1.0,1.0,7.6,0
757,16.932116504854367,0.03,0.3218189655172416,68.04684684684685,20.7088,0.0,0.0,5.0,3.4260752688172045,449.0,0.4293478260869565,0.4129032258064516,0.0,0.7082352941176469,73.0,61.266284584980255,2.6025,0.0113448275862068,1.6276276276276276,1.4496478873239438,0.0,49.16819444444443,17.731818181818184,0.0,1.5967213114754095,0.3,7.5,0
1193,16.932116504854367,0.1397524429967422,0.3218189655172416,68.04684684684685,0.0,1.3819875776397517,15.0,4.233898305084746,6.0,631.0,0.4293478260869565,0.0,0.062111801242236,0.7082352941176469,125.0,61.266284584980255,2.6025,0.0113448275862068,2.0,1.4496478873239438,0.4105263157894737,49.16819444444443,17.731818181818184,0.4148936170212766,2.0,1.5,7.4,0
1933,16.932116504854367,0.1397524429967422,0.3218189655172416,68.04684684684685,20.7088,1.3819875776397517,39.82432432432432,4.233898305084746,3.4260752688172045,553.7009302325581,0.4293478260869565,0.4129032258064516,0.062111801242236,0.7082352941176469,1243.0,30.0,2.6025,0.0113448275862068,1.6276276276276276,1.4496478873239438,0.4105263157894737,49.16819444444443,17.731818181818184,0.4148936170212766,1.5967213114754095,1.4040811455847253,7.58685185185185,1
706,16.932116504854367,0.1397524429967422,0.993,68.04684684684685,20.7088,0.0,2.0,4.233898305084746,3.0,326.0,0.4293478260869565,0.4129032258064516,0.0,0.93,100.0,61.266284584980255,2.6025,0.0113448275862068,1.6276276276276276,1.4496478873239438,1.0,49.16819444444443,17.731818181818184,1.0,1.5967213114754095,0.5,7.38,0
316,16.932116504854367,0.05,0.3218189655172416,68.04684684684685,20.7088,0.0,0.0,4.233898305084746,0.0,620.0,0.4293478260869565,0.4129032258064516,0.0,0.7082352941176469,38.0,61.266284584980255,2.6025,0.0113448275862068,1.0,1.4496478873239438,0.4105263157894737,49.16819444444443,17.731818181818184,0.4148936170212766,1.0,1.0,7.8,0
374,10.0,0.05,0.2,8.3,20.7088,0.0,0.0,4.233898305084746,0.0,242.0,0.0,0.4129032258064516,0.0,1.3,26.0,10.0,1.0,0.002,1.0,1.2,0.4105263157894737,15.0,4.1,0.4148936170212766,1.0,1.0,7.7,0
1003,16.932116504854367,0.08,0.3218189655172416,68.04684684684685,20.7088,0.0,39.82432432432432,4.233898305084746,5.5,636.0,0.4293478260869565,0.4129032258064516,0.0,0.7082352941176469,136.87798387096777,61.266284584980255,2.6025,0.0113448275862068,1.0,1.4496478873239438,0.4105263157894737,49.16819444444443,17.731818181818184,0.4148936170212766,1.0,0.5,7.33,0
1364,16.932116504854367,0.05,0.3218189655172416,68.04684684684685,20.7088,0.0,21.0,4.233898305084746,0.0,617.0,0.4293478260869565,0.4129032258064516,0.0,0.7082352941176469,20.0,61.266284584980255,2.6025,0.0113448275862068,1.0,1.4496478873239438,0.4105263157894737,49.16819444444443,17.731818181818184,0.4148936170212766,1.0,1.0,7.3,0
409,10.0,0.05,0.1,14.0,20.7088,0.0,138.0,4.233898305084746,0.0,617.0,0.0,0.4129032258064516,0.0,0.1,56.0,10.0,1.0,0.002,1.0,1.4,0.4105263157894737,5.8,20.0,0.4148936170212766,1.0,1.0,7.6,0
839,16.932116504854367,0.05,0.3218189655172416,68.04684684684685,20.7088,1.3819875776397517,39.82432432432432,4.233898305084746,2.0,450.0,0.4293478260869565,0.4129032258064516,0.062111801242236,0.7082352941176469,20.0,3.8,2.6025,0.0113448275862068,1.0,0.64,0.4105263157894737,45.2,17.0,0.4148936170212766,1.5967213114754095,1.0,7.8,0
677,16.932116504854367,0.1397524429967422,0.3218189655172416,68.04684684684685,20.7088,0.0,4.0,4.233898305084746,7.9,646.0,0.4293478260869565,0.4129032258064516,0.0,0.7082352941176469,136.87798387096777,61.266284584980255,2.6025,0.0113448275862068,1.0,1.4496478873239438,0.4105263157894737,49.16819444444443,5.3,0.4148936170212766,1.0,2.33,7.67,0
1160,16.932116504854367,0.25,0.3218189655172416,68.04684684684685,20.7088,0.0,39.82432432432432,4.233898305084746,12.9,376.0,0.4293478260869565,0.4129032258064516,0.0,0.7082352941176469,136.87798387096777,61.266284584980255,2.6025,0.0113448275862068,2.0,1.4496478873239438,0.4105263157894737,49.16819444444443,17.731818181818184,0.4148936170212766,2.0,0.5,7.75,0
962,5.0,0.05,0.317,74.0,20.7088,0.0,42.0,5.0,3.4260752688172045,669.0,0.0,0.4129032258064516,0.0,0.43,39.0,3.4,1.9,0.01,1.6276276276276276,1.5,0.0,45.8,33.0,3.0,1.5967213114754095,1.0,7.92,0
938,8.2,0.1397524429967422,0.008,68.04684684684685,20.7088,0.0,4.0,4.233898305084746,7.6,597.0,0.4293478260869565,0.4129032258064516,0.0,0.7082352941176469,136.87798387096777,61.266284584980255,2.6025,0.0113448275862068,1.0,1.4496478873239438,0.4105263157894737,5.9,10.0,0.4148936170212766,1.0,0.54,7.62,0
601,16.932116504854367,0.45,0.3218189655172416,68.04684684684685,20.7088,0.0,39.82432432432432,1.5,3.4260752688172045,403.0,0.4293478260869565,0.4129032258064516,0.0,0.7082352941176469,129.0,61.266284584980255,2.6025,0.0113448275862068,1.6276276276276276,1.4496478873239438,0.0,49.16819444444443,17.731818181818184,0.0,1.5967213114754095,0.2,7.7,0
314,16.932116504854367,0.07,0.3218189655172416,68.04684684684685,20.7088,0.0,0.0,4.233898305084746,0.0,595.0,0.4293478260869565,0.4129032258064516,0.0,0.7082352941176469,62.0,61.266284584980255,2.6025,0.0113448275862068,1.0,1.4496478873239438,0.4105263157894737,49.16819444444443,17.731818181818184,0.4148936170212766,1.0,1.0,7.3,0
1695,16.932116504854367,0.18,0.3218189655172416,68.04684684684685,20.7088,0.0,0.0,4.233898305084746,0.0,451.0,0.0,0.4129032258064516,0.0,0.7082352941176469,151.0,10.0,2.6025,0.0113448275862068,8.0,1.2,0.4105263157894737,98.0,8.5,0.4148936170212766,1.5967213114754095,1.0,7.5,0
1483,16.932116504854367,0.05,0.3218189655172416,68.04684684684685,20.7088,0.0,2.0,2.9,3.4260752688172045,353.0,0.4293478260869565,0.4129032258064516,0.0,1.5,30.0,61.266284584980255,2.6025,0.0113448275862068,1.6276276276276276,1.4496478873239438,0.0,49.16819444444443,17.731818181818184,0.0,1.5967213114754095,0.2,8.0,0
1377,16.932116504854367,0.1397524429967422,0.3218189655172416,68.04684684684685,0.0,1.3819875776397517,78.0,4.233898305084746,3.0,632.0,0.0,0.0,0.062111801242236,0.7082352941176469,150.0,22.0,2.6025,0.0113448275862068,2.0,1.4496478873239438,0.4105263157894737,49.16819444444443,17.731818181818184,0.4148936170212766,2.0,1.0,7.7,0
1009,16.932116504854367,0.1397524429967422,0.3218189655172416,68.04684684684685,0.0,1.3819875776397517,300.0,4.233898305084746,3.0,612.0,0.4293478260869565,0.0,0.062111801242236,0.7082352941176469,80.0,170.2,2.6025,0.0113448275862068,1.0,1.4496478873239438,0.4105263157894737,49.16819444444443,17.731818181818184,0.4148936170212766,1.0,1.0,8.1,1
630,9.1,0.16,0.25,280.0,0.0,0.0,103.0,4.233898305084746,6.0,1029.0,0.0,0.0,0.0,0.68,88.0,14.4,1.0,0.01,4.0,2.5,0.0,200.1,3.0,0.0,4.0,1.0,7.8,1
332,16.932116504854367,0.05,0.3218189655172416,68.04684684684685,20.7088,0.0,0.0,4.233898305084746,0.0,622.0,0.4293478260869565,0.4129032258064516,0.0,0.7082352941176469,20.0,61.266284584980255,2.6025,0.0113448275862068,1.0,1.4496478873239438,0.4105263157894737,49.16819444444443,17.731818181818184,0.4148936170212766,1.0,1.0,7.0,0
484,16.932116504854367,0.1397524429967422,0.3218189655172416,68.04684684684685,20.7088,0.0,39.82432432432432,2.8,3.4260752688172045,473.0,0.4293478260869565,0.4129032258064516,0.0,0.7082352941176469,39.0,20.0,2.6025,0.0113448275862068,1.6276276276276276,1.4496478873239438,0.0,49.16819444444443,17.731818181818184,0.0,1.5967213114754095,0.2,7.7,0
654,10.0,0.05,0.2,1.6,20.7088,0.0,164.0,4.233898305084746,0.0,465.0,0.0,0.4129032258064516,0.0,0.5,152.0,26.0,1.0,0.003,1.0,1.3,0.4105263157894737,114.0,13.0,0.4148936170212766,1.0,2.1,7.7,0
1475,16.932116504854367,0.05,0.3218189655172416,68.04684684684685,20.7088,0.0,0.0,4.233898305084746,0.0,499.0,0.0,0.4129032258064516,0.0,0.7082352941176469,138.0,89.0,2.6025,0.0113448275862068,4.0,1.2,0.4105263157894737,132.0,4.5,0.4148936170212766,1.5967213114754095,1.0,7.4,1
226,16.932116504854367,0.09,0.3218189655172416,68.04684684684685,20.7088,0.0,0.0,4.233898305084746,3.4260752688172045,397.0,0.0,0.4129032258064516,0.0,0.7082352941176469,136.87798387096777,61.266284584980255,2.6025,0.0113448275862068,1.6276276276276276,1.1,0.4105263157894737,6.5,3.1,0.4148936170212766,1.5967213114754095,1.4040811455847253,7.3,0
1183,16.932116504854367,0.1397524429967422,0.3218189655172416,68.04684684684685,0.0,1.3819875776397517,0.0,4.233898305084746,4.0,759.0,0.4293478260869565,0.0,0.062111801242236,0.7082352941176469,365.0,61.266284584980255,2.6025,0.0113448275862068,4.0,1.4496478873239438,0.4105263157894737,49.16819444444443,17.731818181818184,0.4148936170212766,4.0,1.0,7.6,1
1690,16.932116504854367,0.05,0.3218189655172416,68.04684684684685,20.7088,0.0,39.82432432432432,4.233898305084746,0.0,367.0,0.4293478260869565,0.4129032258064516,0.0,0.7082352941176469,22.0,61.266284584980255,2.6025,0.0113448275862068,1.0,1.4496478873239438,0.4105263157894737,49.16819444444443,17.731818181818184,0.4148936170212766,1.0,1.0,7.7,0
393,16.932116504854367,0.13,0.3218189655172416,68.04684684684685,20.7088,0.0,39.82432432432432,4.233898305084746,0.0,560.0,0.4293478260869565,0.4129032258064516,0.0,0.7082352941176469,43.0,27.0,2.6025,0.0113448275862068,1.0,1.4496478873239438,0.4105263157894737,49.16819444444443,17.731818181818184,0.4148936170212766,1.0,1.0,7.4,0
490,16.932116504854367,0.05,0.3218189655172416,68.04684684684685,20.7088,0.0,39.82432432432432,2.2,3.4260752688172045,567.0,0.4293478260869565,0.4129032258064516,0.0,0.7082352941176469,24.0,61.266284584980255,2.6025,0.0113448275862068,1.6276276276276276,1.4496478873239438,0.0,49.16819444444443,17.731818181818184,0.0,1.5967213114754095,0.6,7.7,0
687,16.932116504854367,0.1397524429967422,0.3218189655172416,461.0,20.7088,0.0,39.82432432432432,4.233898305084746,4.8,1726.0,0.4293478260869565,0.4129032258064516,0.0,0.7082352941176469,136.87798387096777,30.0,2.6025,0.0113448275862068,3.0,1.4496478873239438,0.4105263157894737,226.8,17.731818181818184,0.4148936170212766,3.0,0.5,7.85,1
496,16.932116504854367,0.05,0.3218189655172416,68.04684684684685,20.7088,0.0,39.82432432432432,4.233898305084746,0.0,310.0,0.4293478260869565,0.4129032258064516,0.0,0.7082352941176469,101.0,10.0,2.6025,0.0113448275862068,1.0,1.4496478873239438,0.4105263157894737,49.16819444444443,17.731818181818184,0.4148936170212766,1.0,1.0,7.1,0
276,5.9,0.13,0.394,62.9,20.7088,0.0,45.0,2.0,2.0,886.0,0.0,0.4129032258064516,0.0,1.1,160.0,50.0,21.5,0.003,2.0,1.8,0.4105263157894737,45.3,54.0,0.4148936170212766,1.0,0.43,8.0,0
547,16.932116504854367,0.05,0.3218189655172416,68.04684684684685,20.7088,0.0,39.82432432432432,4.233898305084746,0.0,472.0,0.4293478260869565,0.4129032258064516,0.0,0.7082352941176469,85.0,10.0,2.6025,0.0113448275862068,1.0,1.4496478873239438,0.4105263157894737,49.16819444444443,17.731818181818184,0.4148936170212766,1.0,1.0,7.1,0
357,16.932116504854367,0.05,0.3218189655172416,68.04684684684685,20.7088,0.0,0.0,4.233898305084746,0.0,449.0,0.4293478260869565,0.4129032258064516,0.0,0.7082352941176469,136.87798387096777,61.266284584980255,2.6025,0.0113448275862068,1.0,1.4496478873239438,0.4105263157894737,49.16819444444443,17.731818181818184,0.4148936170212766,1.0,1.0,7.5,0
1105,16.932116504854367,0.1397524429967422,0.3218189655172416,68.04684684684685,20.7088,1.3819875776397517,39.82432432432432,4.233898305084746,2.0,517.0,0.4293478260869565,0.4129032258064516,0.062111801242236,1.3,15.0,61.266284584980255,2.6025,0.0113448275862068,4.0,1.4496478873239438,0.4105263157894737,49.16819444444443,17.731818181818184,0.4148936170212766,4.0,1.0,7.8,0
829,16.932116504854367,0.18,0.3218189655172416,68.04684684684685,0.0,1.3819875776397517,4.0,4.233898305084746,13.0,633.0,0.0,0.0,0.062111801242236,0.7082352941176469,990.0,15.0,2.6025,0.0113448275862068,8.0,0.8,0.4105263157894737,73.6,24.0,0.4148936170212766,1.0,3.0,7.7,1
1065,16.932116504854367,0.1397524429967422,0.803,68.04684684684685,20.7088,0.0,7.0,4.233898305084746,3.0,543.0,0.4293478260869565,0.4129032258064516,0.0,1.5,136.87798387096777,61.266284584980255,2.6025,0.0113448275862068,1.6276276276276276,1.4496478873239438,1.0,49.16819444444443,17.731818181818184,1.0,1.5967213114754095,0.5,7.52,0
610,16.932116504854367,0.1397524429967422,0.3218189655172416,68.04684684684685,20.7088,0.0,0.0,4.233898305084746,0.0,316.0,0.4293478260869565,0.4129032258064516,0.0,0.7082352941176469,20.0,10.0,2.6025,0.0113448275862068,1.0,1.4496478873239438,0.4105263157894737,49.16819444444443,17.731818181818184,0.4148936170212766,1.0,1.0,7.5,0
350,16.932116504854367,0.05,0.3218189655172416,68.04684684684685,20.7088,0.0,5.0,4.233898305084746,0.0,566.0,0.4293478260869565,0.4129032258064516,0.0,0.7082352941176469,20.0,10.0,2.6025,0.0113448275862068,1.0,1.4496478873239438,0.4105263157894737,49.16819444444443,17.731818181818184,0.4148936170212766,1.0,1.0,7.3,0
949,16.932116504854367,0.05,0.3218189655172416,68.04684684684685,20.7088,0.0,16.0,4.233898305084746,2.0,675.0,0.0,0.4129032258064516,0.0,0.7082352941176469,21.0,2.0,0.98,0.01,1.0,0.6,0.4105263157894737,160.9,6.0,0.4148936170212766,1.5967213114754095,1.0,6.9,0
310,16.932116504854367,0.05,0.3218189655172416,68.04684684684685,20.7088,0.0,45.0,4.233898305084746,0.0,197.0,0.4293478260869565,0.4129032258064516,0.0,2.0,20.0,61.266284584980255,2.6025,0.0113448275862068,1.0,1.4496478873239438,0.4105263157894737,49.16819444444443,17.731818181818184,0.4148936170212766,1.0,1.0,8.0,1
1664,16.932116504854367,0.05,0.3218189655172416,68.04684684684685,20.7088,0.0,0.0,4.233898305084746,0.0,475.0,0.0,0.4129032258064516,0.0,0.7082352941176469,100.0,10.0,2.6025,0.0113448275862068,1.0,1.5,0.4105263157894737,115.0,4.8,0.4148936170212766,1.5967213114754095,1.0,7.6,0
633,16.932116504854367,0.1397524429967422,0.3218189655172416,68.04684684684685,20.7088,0.0,4.0,4.233898305084746,9.3,980.0,0.4293478260869565,0.4129032258064516,0.0,0.7082352941176469,136.87798387096777,61.266284584980255,2.6025,0.0113448275862068,1.6276276276276276,1.4496478873239438,0.0,49.16819444444443,17.731818181818184,0.0,1.5967213114754095,1.38,8.21,0
1402,5.0,0.07,0.717,60.0,0.0,1.3819875776397517,9.0,4.233898305084746,4.0,516.0,0.0,0.0,0.062111801242236,1.3,90.0,5.0,0.45,0.01,2.0,1.3,0.4105263157894737,80.6,3.0,0.4148936170212766,2.0,1.0,7.8,0
1195,16.932116504854367,0.1397524429967422,0.3218189655172416,68.04684684684685,0.0,1.3819875776397517,6.0,4.233898305084746,4.0,617.0,0.4293478260869565,0.0,0.062111801242236,0.7082352941176469,58.0,61.266284584980255,2.6025,0.0113448275862068,2.0,1.4496478873239438,0.4105263157894737,49.16819444444443,17.731818181818184,0.4148936170212766,2.0,1.0,7.6,0
193,16.932116504854367,0.1,0.3218189655172416,68.04684684684685,20.7088,0.0,30.0,4.233898305084746,5.3,618.0,0.0,0.4129032258064516,0.0,0.7082352941176469,136.87798387096777,61.266284584980255,2.6025,0.0113448275862068,1.0,1.4496478873239438,0.4105263157894737,49.16819444444443,17.731818181818184,0.4148936170212766,1.0,1.1,7.55,0
1327,5.0,0.33,0.301,20.0,0.0,1.3819875776397517,0.0,4.233898305084746,3.0,599.0,0.0,0.0,0.062111801242236,1.04,100.0,2.0,0.52,0.01,4.0,1.4,0.4105263157894737,48.1,33.0,0.4148936170212766,4.0,1.0,7.3,0
271,9.2,0.08,0.3218189655172416,209.0,20.7088,0.0,65.0,4.233898305084746,12.0,998.0,0.0,0.4129032258064516,0.0,0.51,98.0,30.0,1.0,0.006,4.0,1.09,0.4105263157894737,175.4,2.8,0.4148936170212766,4.0,0.87,8.05,0
828,16.932116504854367,0.1397524429967422,0.3218189655172416,68.04684684684685,0.0,1.3819875776397517,12.0,4.233898305084746,2.0,590.0,0.4293478260869565,0.0,0.062111801242236,0.7082352941176469,52.0,80.0,2.6025,0.0113448275862068,2.0,1.4496478873239438,0.4105263157894737,49.16819444444443,17.731818181818184,0.4148936170212766,2.0,1.0,7.7,1
987,16.932116504854367,0.1397524429967422,0.3218189655172416,68.04684684684685,0.0,1.3819875776397517,110.0,4.233898305084746,3.0,522.0,0.4293478260869565,0.0,0.062111801242236,0.7082352941176469,110.0,61.266284584980255,2.6025,0.0113448275862068,2.0,1.4496478873239438,0.4105263157894737,49.16819444444443,17.731818181818184,0.4148936170212766,2.0,1.0,7.1,0
396,16.932116504854367,0.2,0.3218189655172416,246.0,20.7088,0.0,5.0,4.233898305084746,3.4260752688172045,1468.0,0.0,0.4129032258064516,0.0,0.62,50.0,10.0,1.0,0.003,1.6276276276276276,1.9,0.0,49.16819444444443,1.0,0.0,1.5967213114754095,0.5,7.4,0
1769,16.932116504854367,0.11,0.3218189655172416,68.04684684684685,20.7088,0.0,39.82432432432432,4.233898305084746,22.3,178.0,0.4293478260869565,0.4129032258064516,0.0,0.7082352941176469,136.87798387096777,61.266284584980255,2.6025,0.0113448275862068,1.0,1.4496478873239438,0.4105263157894737,49.16819444444443,17.731818181818184,0.4148936170212766,1.0,0.92,7.55,0
196,16.932116504854367,0.14,0.3218189655172416,68.04684684684685,20.7088,0.0,0.0,4.233898305084746,3.2,599.0,0.0,0.4129032258064516,0.0,0.7082352941176469,136.87798387096777,61.266284584980255,2.6025,0.0113448275862068,1.0,1.4496478873239438,0.4105263157894737,49.16819444444443,17.731818181818184,0.4148936170212766,1.0,0.5,7.84,0
567,16.932116504854367,0.03,0.3218189655172416,68.04684684684685,20.7088,0.0,0.0,5.0,3.4260752688172045,394.0,0.4293478260869565,0.4129032258064516,0.0,0.7082352941176469,10.0,1.1,2.6025,0.0113448275862068,1.6276276276276276,1.4496478873239438,0.0,49.16819444444443,17.731818181818184,0.0,1.5967213114754095,0.3,7.7,0
1165,16.932116504854367,0.31,0.3218189655172416,68.04684684684685,0.0,1.3819875776397517,36.0,4.233898305084746,4.0,497.0,0.4293478260869565,0.0,0.062111801242236,0.7082352941176469,12.0,61.266284584980255,2.6025,0.0113448275862068,1.0,1.4496478873239438,0.4105263157894737,49.16819444444443,17.731818181818184,0.4148936170212766,1.0,1.0,7.1,0
608,16.932116504854367,0.1397524429967422,0.3218189655172416,68.04684684684685,20.7088,0.0,0.0,4.233898305084746,0.0,414.0,0.4293478260869565,0.4129032258064516,0.0,0.7082352941176469,20.0,10.0,2.6025,0.0113448275862068,1.0,1.4496478873239438,0.4105263157894737,49.16819444444443,17.731818181818184,0.4148936170212766,1.0,1.0,7.5,0
395,10.0,0.05,0.1,7.0,20.7088,0.0,0.0,4.233898305084746,0.0,492.0,0.0,0.4129032258064516,0.0,0.1,20.0,10.0,3.9,0.002,1.0,1.1,0.4105263157894737,1.9,7.3,0.4148936170212766,1.0,1.0,7.4,0
506,16.932116504854367,0.1397524429967422,0.3218189655172416,68.04684684684685,20.7088,0.0,0.0,4.233898305084746,0.0,460.0,0.4293478260869565,0.4129032258064516,0.0,0.7082352941176469,25.0,10.0,2.6025,0.0113448275862068,1.0,1.4496478873239438,0.4105263157894737,49.16819444444443,17.731818181818184,0.4148936170212766,1.0,1.0,7.4,0
475,10.0,0.05,0.1,11.0,20.7088,0.0,2.0,5.9,3.4260752688172045,544.0,0.0,0.4129032258064516,0.0,0.1,21.0,39.0,1.0,0.002,1.6276276276276276,1.4,0.0,4.1,28.0,0.0,1.5967213114754095,0.2,7.6,0
593,16.932116504854367,0.1397524429967422,0.3218189655172416,68.04684684684685,20.7088,0.0,54.0,4.233898305084746,0.0,381.0,0.4293478260869565,0.4129032258064516,0.0,0.7082352941176469,85.0,26.0,2.6025,0.0113448275862068,1.0,1.4496478873239438,0.4105263157894737,49.16819444444443,17.731818181818184,0.4148936170212766,1.0,1.0,7.5,0
1474,16.932116504854367,0.1397524429967422,0.3218189655172416,68.04684684684685,20.7088,0.0,5.0,4.233898305084746,3.0,766.0,0.4293478260869565,0.4129032258064516,0.0,0.7082352941176469,136.87798387096777,61.266284584980255,2.6025,0.0113448275862068,1.0,1.4496478873239438,0.4105263157894737,49.16819444444443,17.731818181818184,0.4148936170212766,1.0,3.1,7.5,0
779,16.932116504854367,0.05,0.3218189655172416,68.04684684684685,20.7088,0.0,0.0,4.233898305084746,0.0,336.0,0.0,0.4129032258064516,0.0,0.7082352941176469,20.0,10.0,2.6025,0.0113448275862068,1.0,1.0,0.4105263157894737,83.0,1.2,0.4148936170212766,1.5967213114754095,1.0,7.7,0
482,10.0,0.05,0.3,1.9,20.7088,2.0,0.0,6.1,0.0,473.0,0.0,0.4129032258064516,2.0,1.0,20.0,10.0,1.0,0.002,1.0,1.5,0.0,15.0,5.0,0.0,1.0,1.0,7.9,1
2208,5.0,0.1397524429967422,0.113,68.04684684684685,0.0,1.3819875776397517,4.0,4.233898305084746,3.0,479.0,0.4293478260869565,0.0,0.062111801242236,0.7082352941176469,120.0,59.2,2.6025,0.0113448275862068,2.0,1.4496478873239438,0.4105263157894737,49.16819444444443,17.731818181818184,0.4148936170212766,2.0,1.8,7.6,1
704,16.932116504854367,0.1397524429967422,0.3218189655172416,68.04684684684685,0.0,1.3819875776397517,39.82432432432432,4.233898305084746,6.0,691.0,0.0,0.0,0.062111801242236,0.7082352941176469,136.87798387096777,61.266284584980255,2.6025,0.0113448275862068,1.0,1.4496478873239438,0.4105263157894737,49.16819444444443,17.731818181818184,0.4148936170212766,1.0,1.0,7.1,0
693,16.932116504854367,0.15,0.3218189655172416,68.04684684684685,20.7088,0.0,7.0,4.233898305084746,13.2,893.0,0.0,0.4129032258064516,0.0,0.7082352941176469,136.87798387096777,61.266284584980255,2.6025,0.0113448275862068,1.0,1.4496478873239438,0.4105263157894737,49.16819444444443,17.731818181818184,0.4148936170212766,1.0,1.65,7.91,0
840,16.932116504854367,0.05,0.3218189655172416,68.04684684684685,0.0,1.3819875776397517,39.82432432432432,4.233898305084746,2.0,708.0,0.0,0.0,0.062111801242236,0.8,51.0,5.0,2.6025,0.0113448275862068,1.0,1.4496478873239438,0.4105263157894737,49.16819444444443,17.731818181818184,0.4148936170212766,1.0,1.0,7.6,0
702,4.0,0.08,0.129,205.0,20.7088,0.0,0.0,4.233898305084746,7.4,589.0,0.0,0.4129032258064516,0.0,1.2,102.4,30.0,1.0,0.004,1.0,1.06,0.4105263157894737,101.9,2.8,0.4148936170212766,1.0,0.51,7.74,0
303,16.932116504854367,0.06,0.3218189655172416,68.04684684684685,20.7088,0.0,19.0,2.0,3.4260752688172045,746.0,0.4293478260869565,0.4129032258064516,0.0,0.7082352941176469,136.87798387096777,61.266284584980255,2.6025,0.0113448275862068,1.0,1.4496478873239438,0.4105263157894737,49.16819444444443,17.731818181818184,0.4148936170212766,1.0,0.18,7.8,0
529,16.932116504854367,0.1397524429967422,0.3218189655172416,68.04684684684685,20.7088,0.0,0.0,4.233898305084746,0.0,310.0,0.4293478260869565,0.4129032258064516,0.0,1.0,20.0,61.266284584980255,2.6025,0.0113448275862068,1.0,1.4496478873239438,0.4105263157894737,49.16819444444443,17.731818181818184,0.4148936170212766,1.0,1.0,7.6,0
432,26.0,0.32,0.089,3.0,0.0,0.0,63.0,4.233898305084746,5.0,505.0,0.0,0.0,0.0,0.26,280.0,8.9,0.45,0.01,4.0,0.8,0.4105263157894737,13.6,3.0,0.4148936170212766,4.0,3.7,7.6,1
1349,5.0,0.09,0.285,54.0,0.0,0.0,83.0,4.233898305084746,4.0,675.0,0.0,0.0,0.0,0.48,780.0,7780.0,1.2,0.01,4.0,2.8,0.4105263157894737,34.8,41.0,0.4148936170212766,2.0,33.0,7.4,1
1418,16.932116504854367,0.1397524429967422,0.3218189655172416,68.04684684684685,0.0,1.3819875776397517,17.0,4.233898305084746,3.0,386.0,0.0,0.0,0.062111801242236,0.7082352941176469,27.0,21.0,2.6025,0.0113448275862068,2.0,1.4496478873239438,0.4105263157894737,49.16819444444443,17.731818181818184,0.4148936170212766,2.0,1.0,7.8,0
781,16.932116504854367,0.05,0.3218189655172416,68.04684684684685,0.0,0.0,0.0,4.233898305084746,4.0,379.0,0.0,0.0,0.0,0.7082352941176469,30.0,5.0,2.6025,0.0113448275862068,1.0,3.5,0.4105263157894737,6.7,30.0,0.4148936170212766,1.5967213114754095,1.0,7.0,0
1385,16.932116504854367,0.05,0.3218189655172416,68.04684684684685,0.0,1.3819875776397517,4.0,4.233898305084746,2.0,420.0,0.4293478260869565,0.0,0.062111801242236,0.7082352941176469,27.0,3.5,2.6025,0.0113448275862068,4.0,1.2,0.4105263157894737,43.3,8.0,0.4148936170212766,4.0,1.0,7.8,0
675,5.0,0.1397524429967422,0.754,68.04684684684685,20.7088,0.0,0.0,4.233898305084746,6.9,594.0,0.4293478260869565,0.4129032258064516,0.0,0.7082352941176469,136.87798387096777,61.266284584980255,2.6025,0.0113448275862068,1.0,1.4496478873239438,0.4105263157894737,83.2,8.6,0.4148936170212766,1.0,0.7,7.84,0
836,16.932116504854367,0.05,0.3218189655172416,87.0,0.0,1.3819875776397517,7.0,4.233898305084746,3.0,509.0,0.4293478260869565,0.0,0.062111801242236,0.7082352941176469,30.0,5.0,2.6025,0.0113448275862068,1.0,1.4496478873239438,0.4105263157894737,49.16819444444443,17.731818181818184,0.4148936170212766,1.0,1.0,7.7,0
882,5.0,0.81,0.057,231.0,0.0,1.3819875776397517,0.0,4.233898305084746,5.0,1045.0,0.0,0.0,0.062111801242236,0.39,33.0,13.0,0.45,0.01,4.0,1.4,0.4105263157894737,186.4,3.0,0.4148936170212766,4.0,3.4,7.9,1
243,50.0,0.027,0.19,4.8,20.7088,0.0,39.82432432432432,4.233898305084746,5.0,538.0,0.0,0.4129032258064516,0.0,1.4,33.0,11.0,0.1,0.025,1.6276276276276276,1.0,0.4105263157894737,54.0,63.0,0.4148936170212766,1.5967213114754095,0.5,8.3,0
1083,16.932116504854367,0.1397524429967422,0.3218189655172416,68.04684684684685,0.0,1.3819875776397517,9.0,4.233898305084746,3.0,534.0,0.4293478260869565,0.0,0.062111801242236,0.7082352941176469,70.0,61.266284584980255,2.6025,0.0113448275862068,2.0,1.4496478873239438,0.4105263157894737,49.16819444444443,17.731818181818184,0.4148936170212766,2.0,1.0,7.8,0
927,16.932116504854367,0.05,0.3218189655172416,68.04684684684685,0.0,1.3819875776397517,39.82432432432432,4.233898305084746,3.0,353.0,0.4293478260869565,0.0,0.062111801242236,1.39,61.0,5.0,2.6025,0.0113448275862068,1.0,1.4496478873239438,0.4105263157894737,49.16819444444443,17.731818181818184,0.4148936170212766,1.0,1.0,7.8,0
1155,16.932116504854367,0.1397524429967422,0.917,68.04684684684685,20.7088,0.0,10.0,4.233898305084746,3.0,432.0,0.4293478260869565,0.4129032258064516,0.0,0.58,20.0,61.266284584980255,2.6025,0.0113448275862068,1.6276276276276276,1.4496478873239438,1.0,49.16819444444443,17.731818181818184,1.0,1.5967213114754095,0.5,7.36,0
508,16.932116504854367,0.1397524429967422,0.3218189655172416,68.04684684684685,20.7088,0.0,0.0,4.233898305084746,0.0,427.0,0.4293478260869565,0.4129032258064516,0.0,0.7082352941176469,25.0,10.0,2.6025,0.0113448275862068,1.0,1.4496478873239438,0.4105263157894737,49.16819444444443,17.731818181818184,0.4148936170212766,1.0,1.0,7.5,0
703,9.1,0.19,0.035,12.0,0.0,1.3819875776397517,279.0,4.233898305084746,7.0,622.0,0.0,0.0,0.062111801242236,0.22,80.0,33.8,0.45,0.01,4.0,1.7,0.4105263157894737,9.0,23.0,0.4148936170212766,4.0,1.1,7.4,0
1413,10.4,0.15,0.905,20.0,0.0,1.3819875776397517,10.0,4.233898305084746,2.0,534.0,0.0,0.0,0.062111801242236,0.66,20.0,153.0,0.45,0.01,1.0,0.8,0.4105263157894737,49.0,32.0,0.4148936170212766,1.0,1.0,7.4,1
1031,16.932116504854367,0.21,0.3218189655172416,68.04684684684685,0.0,1.3819875776397517,11.0,4.233898305084746,11.0,166.0,0.4293478260869565,0.0,0.062111801242236,0.7082352941176469,140.0,16.0,2.6025,0.0113448275862068,4.0,1.4496478873239438,0.4105263157894737,49.16819444444443,17.731818181818184,0.4148936170212766,4.0,1.0,8.0,0
335,10.0,0.05,0.1,2.1,20.7088,0.0,0.0,4.233898305084746,0.0,551.0,0.0,0.4129032258064516,0.0,0.2,29.0,11.0,1.3,0.002,1.0,2.7,0.4105263157894737,154.0,1.0,0.4148936170212766,1.0,1.0,7.5,0
384,10.0,0.05,0.2,74.0,20.7088,0.0,0.0,4.233898305084746,0.0,800.0,0.0,0.4129032258064516,0.0,0.6,35.0,10.0,2.2,0.002,1.0,1.0,0.4105263157894737,44.0,167.0,0.4148936170212766,1.0,1.0,7.8,0
326,16.932116504854367,0.09,0.3218189655172416,68.04684684684685,20.7088,0.0,0.0,4.233898305084746,0.0,475.0,0.4293478260869565,0.4129032258064516,0.0,0.7082352941176469,35.0,61.266284584980255,2.6025,0.0113448275862068,1.0,1.4496478873239438,0.4105263157894737,49.16819444444443,17.731818181818184,0.4148936170212766,1.0,1.0,7.2,0
342,16.932116504854367,0.05,0.3218189655172416,68.04684684684685,20.7088,0.0,0.0,4.233898305084746,0.0,462.0,0.4293478260869565,0.4129032258064516,0.0,0.7082352941176469,20.0,61.266284584980255,2.6025,0.0113448275862068,1.0,1.4496478873239438,0.4105263157894737,49.16819444444443,17.731818181818184,0.4148936170212766,1.0,1.0,7.5,0
199,10.0,0.05,0.1,1.8,20.7088,0.0,96.0,4.233898305084746,0.0,420.0,0.0,0.4129032258064516,0.0,0.2,80.0,20.0,2.7,0.002,1.0,2.6,0.4105263157894737,5.6,1.3,0.4148936170212766,1.0,1.0,7.3,0
282,16.932116504854367,0.05,0.3218189655172416,68.04684684684685,20.7088,100.0,102.0,4.233898305084746,0.0,633.0,0.0,0.4129032258064516,0.0,0.7082352941176469,136.87798387096777,10.0,2.6025,0.0113448275862068,1.0,1.1,0.4105263157894737,16.0,29.0,0.4148936170212766,1.5967213114754095,1.0,7.2,1
1135,5.0,0.1397524429967422,0.034,68.04684684684685,20.7088,0.0,39.82432432432432,4.233898305084746,3.4260752688172045,553.7009302325581,0.4293478260869565,0.4129032258064516,0.062111801242236,0.7082352941176469,136.87798387096777,61.266284584980255,2.6025,0.0113448275862068,1.6276276276276276,1.4496478873239438,0.4105263157894737,6.4,17.731818181818184,0.4148936170212766,1.5967213114754095,1.4040811455847253,7.58685185185185,0
1939,16.932116504854367,0.05,0.3218189655172416,68.04684684684685,20.7088,0.0,0.0,4.233898305084746,0.0,388.0,0.4293478260869565,0.4129032258064516,0.0,0.7082352941176469,20.0,61.266284584980255,2.6025,0.0113448275862068,1.0,1.4496478873239438,0.4105263157894737,49.16819444444443,17.731818181818184,0.4148936170212766,1.0,1.0,7.6,0
1322,16.932116504854367,0.1397524429967422,0.3218189655172416,68.04684684684685,20.7088,0.0,4.0,4.233898305084746,3.0,919.0,0.4293478260869565,0.4129032258064516,0.0,0.7082352941176469,20.0,61.266284584980255,2.6025,0.0113448275862068,1.6276276276276276,1.4496478873239438,1.0,49.16819444444443,17.731818181818184,1.0,1.5967213114754095,0.5,7.62,0
1109,16.932116504854367,0.12,0.3218189655172416,10.0,0.0,1.3819875776397517,185.0,4.233898305084746,5.0,291.0,0.0,0.0,0.062111801242236,0.19,280.0,18.0,0.45,0.01,6.0,0.56,0.4105263157894737,8.2,31.0,0.4148936170212766,6.0,1.0,7.8,1
723,16.932116504854367,0.23,0.3218189655172416,68.04684684684685,20.7088,0.0,52.0,4.233898305084746,3.0,739.0,0.4293478260869565,0.4129032258064516,0.0,0.7082352941176469,130.0,29.0,2.6025,0.0113448275862068,1.6276276276276276,1.4496478873239438,1.0,49.16819444444443,17.731818181818184,1.0,1.5967213114754095,0.6,7.73,0
940,16.932116504854367,0.1397524429967422,0.3218189655172416,68.04684684684685,0.0,1.3819875776397517,0.0,4.233898305084746,3.0,381.0,0.4293478260869565,0.0,0.062111801242236,0.7082352941176469,135.0,61.266284584980255,2.6025,0.0113448275862068,2.0,1.4496478873239438,0.4105263157894737,49.16819444444443,17.731818181818184,0.4148936170212766,2.0,1.0,7.8,0
503,16.932116504854367,0.1397524429967422,0.3218189655172416,68.04684684684685,20.7088,0.0,0.0,4.233898305084746,0.0,402.0,0.4293478260869565,0.4129032258064516,0.0,0.7082352941176469,20.0,10.0,2.6025,0.0113448275862068,1.0,1.4496478873239438,0.4105263157894737,49.16819444444443,17.731818181818184,0.4148936170212766,1.0,1.0,7.5,0
1736,16.932116504854367,0.1397524429967422,0.3218189655172416,68.04684684684685,20.7088,0.0,4.0,4.233898305084746,0.0,534.0,0.4293478260869565,0.4129032258064516,0.0,0.7082352941176469,136.87798387096777,61.266284584980255,2.6025,0.0113448275862068,1.0,1.4496478873239438,0.4105263157894737,49.16819444444443,17.731818181818184,0.4148936170212766,1.0,1.7,7.2,0
1100,16.932116504854367,0.98,0.3218189655172416,68.04684684684685,0.0,0.0,300.0,4.233898305084746,10.0,875.0,0.4293478260869565,0.0,0.0,0.7082352941176469,52.0,11.0,2.6025,0.0113448275862068,4.0,1.4496478873239438,0.4105263157894737,49.16819444444443,17.731818181818184,0.4148936170212766,4.0,1.0,7.6,1
322,16.932116504854367,0.05,0.3218189655172416,68.04684684684685,20.7088,0.0,0.0,4.233898305084746,0.0,395.0,0.0,0.4129032258064516,0.0,0.7082352941176469,20.0,10.0,2.6025,0.0113448275862068,1.0,1.1,0.4105263157894737,5.5,11.0,0.4148936170212766,1.5967213114754095,1.0,7.5,0
187,16.932116504854367,0.05,0.3218189655172416,68.04684684684685,20.7088,0.0,4.0,4.233898305084746,0.0,348.0,0.4293478260869565,0.4129032258064516,0.0,0.7082352941176469,20.0,10.0,2.6025,0.0113448275862068,1.0,1.4496478873239438,0.4105263157894737,49.16819444444443,17.731818181818184,0.4148936170212766,1.0,1.0,7.4,0
1154,16.932116504854367,0.05,0.96,68.04684684684685,20.7088,0.0,4.0,4.233898305084746,3.0,342.0,0.4293478260869565,0.4129032258064516,0.0,0.87,136.87798387096777,61.266284584980255,2.6025,0.003,1.6276276276276276,1.4496478873239438,1.0,49.16819444444443,17.731818181818184,1.0,1.5967213114754095,0.5,7.66,0
165,5.0,0.08,0.189,278.0,20.7088,0.0,4.0,4.233898305084746,7.0,1167.0,0.0,0.4129032258064516,0.0,0.94,52.9,30.0,1.0,0.004,1.0,2.85,0.4105263157894737,138.3,3.6,0.4148936170212766,1.0,1.52,7.84,1
545,16.932116504854367,0.1397524429967422,0.3218189655172416,68.04684684684685,20.7088,0.0,6.0,4.233898305084746,0.0,582.0,0.4293478260869565,0.4129032258064516,0.0,0.7082352941176469,42.0,10.0,2.6025,0.0113448275862068,1.0,1.4496478873239438,0.4105263157894737,49.16819444444443,17.731818181818184,0.4148936170212766,1.0,1.0,7.6,0
1524,16.932116504854367,0.1397524429967422,0.3218189655172416,68.04684684684685,20.7088,0.0,0.0,4.233898305084746,0.0,278.0,0.4293478260869565,0.4129032258064516,0.0,0.7082352941176469,36.0,20.0,2.6025,0.0113448275862068,1.0,1.4496478873239438,0.4105263157894737,49.16819444444443,17.731818181818184,0.4148936170212766,1.0,1.0,7.4,0
2209,16.932116504854367,0.25,0.3218189655172416,68.04684684684685,14.6,1.3819875776397517,300.0,4.233898305084746,7.0,626.0,0.0,0.0,0.062111801242236,0.7082352941176469,2685.0,360.0,2.6025,0.0113448275862068,2.0,2.6,0.4105263157894737,11.6,48.0,0.4148936170212766,1.5967213114754095,19.0,7.0,1
587,16.932116504854367,0.21,0.3218189655172416,68.04684684684685,20.7088,0.0,39.82432432432432,4.3,3.4260752688172045,656.0,0.4293478260869565,0.4129032258064516,0.0,0.7082352941176469,79.0,26.0,2.6025,0.0113448275862068,1.6276276276276276,1.4496478873239438,0.0,49.16819444444443,17.731818181818184,0.0,1.5967213114754095,0.2,7.5,0
827,16.932116504854367,0.05,0.3218189655172416,68.04684684684685,0.0,1.3819875776397517,4.0,4.233898305084746,3.0,488.0,0.4293478260869565,0.0,0.062111801242236,0.7082352941176469,38.0,5.0,2.6025,0.0113448275862068,1.0,1.4496478873239438,0.4105263157894737,49.16819444444443,17.731818181818184,0.4148936170212766,1.0,1.0,7.8,0
923,5.0,0.13,0.824,58.0,0.0,1.3819875776397517,35.0,4.233898305084746,4.0,467.0,0.0,0.0,0.062111801242236,1.2,54.0,15.7,1.2,0.01,1.0,0.64,0.4105263157894737,73.4,3.0,0.4148936170212766,1.0,1.0,7.8,0
298,10.0,0.05,0.1,1.7,20.7088,0.0,12.0,4.233898305084746,0.0,463.0,0.0,0.4129032258064516,0.0,0.1,20.0,10.0,1.9,0.002,1.0,0.8,0.4105263157894737,4.7,7.3,0.4148936170212766,1.0,1.0,7.4,0
494,16.932116504854367,0.05,0.3218189655172416,68.04684684684685,20.7088,0.0,39.82432432432432,1.5,3.4260752688172045,477.0,0.4293478260869565,0.4129032258064516,0.0,0.7082352941176469,24.0,61.266284584980255,2.6025,0.0113448275862068,1.6276276276276276,1.4496478873239438,0.0,49.16819444444443,17.731818181818184,0.0,1.5967213114754095,0.2,7.6,0
1669,16.932116504854367,0.05,0.3218189655172416,68.04684684684685,20.7088,0.0,0.0,4.233898305084746,0.0,563.0,0.0,0.4129032258064516,0.0,0.7082352941176469,44.0,14.0,2.6025,0.0113448275862068,1.0,2.8,0.4105263157894737,116.0,18.0,0.4148936170212766,1.5967213114754095,1.0,7.3,0
726,16.932116504854367,0.17,0.3218189655172416,68.04684684684685,20.7088,0.0,300.0,4.233898305084746,3.0,707.0,0.0,0.4129032258064516,0.0,1.98,200.0,20.0,2.6025,0.0113448275862068,1.6276276276276276,1.4496478873239438,2.0,104.0,17.731818181818184,2.0,1.5967213114754095,1.0,7.85,1
584,16.932116504854367,0.1397524429967422,0.3218189655172416,118.9,20.7088,0.0,94.0,5.0,3.4260752688172045,869.0,0.0,0.4129032258064516,0.0,0.7082352941176469,102.0,61.266284584980255,2.6025,0.0113448275862068,1.6276276276276276,1.4496478873239438,1.0,49.16819444444443,75.0,0.0,1.5967213114754095,1.1,7.3,0
1249,16.932116504854367,0.73,0.3218189655172416,68.04684684684685,20.7088,0.0,300.0,4.233898305084746,6.0,875.0,0.4293478260869565,0.4129032258064516,0.0,0.7082352941176469,20.0,310.0,2.6025,0.0113448275862068,1.0,1.4496478873239438,0.4105263157894737,49.16819444444443,17.731818181818184,0.4148936170212766,1.0,1.0,7.5,1
926,16.932116504854367,0.05,0.3218189655172416,68.04684684684685,0.0,1.3819875776397517,39.82432432432432,4.233898305084746,3.0,450.0,0.4293478260869565,0.0,0.062111801242236,0.55,51.0,5.0,2.6025,0.0113448275862068,2.0,1.4496478873239438,0.4105263157894737,49.16819444444443,17.731818181818184,0.4148936170212766,2.0,1.0,7.8,0
445,16.932116504854367,0.05,0.3218189655172416,68.04684684684685,20.7088,0.0,0.0,4.233898305084746,0.0,354.0,0.4293478260869565,0.4129032258064516,0.0,0.7082352941176469,20.0,10.0,2.6025,0.0113448275862068,1.0,1.4496478873239438,0.4105263157894737,49.16819444444443,17.731818181818184,0.4148936170212766,1.0,1.0,7.9,0
1223,16.932116504854367,0.05,0.3218189655172416,68.04684684684685,20.7088,0.0,130.0,4.233898305084746,0.0,553.0,0.0,0.4129032258064516,0.0,0.7082352941176469,162.0,61.266284584980255,2.6025,0.0113448275862068,1.0,1.4496478873239438,0.4105263157894737,49.16819444444443,17.731818181818184,0.4148936170212766,1.0,1.0,7.3,0
731,16.932116504854367,3.5,0.3218189655172416,68.04684684684685,0.0,1.3819875776397517,28.0,4.233898305084746,14.0,646.0,0.0,0.0,0.0,0.7082352941176469,64.0,61.266284584980255,2.6025,0.0113448275862068,8.0,1.4496478873239438,0.4105263157894737,49.16819444444443,17.731818181818184,0.4148936170212766,8.0,1.3,7.6,1
885,10.0,0.05,0.1,15.0,20.7088,0.0,6.0,2.8,0.0,634.0,0.0,0.4129032258064516,0.0,0.1,44.0,10.0,38.0,0.002,1.0,1.2,0.0,9.0,33.0,0.0,1.0,1.0,7.7,0
1490,16.932116504854367,0.05,0.3218189655172416,440.0,2419.6,1.3819875776397517,91.0,4.233898305084746,18.0,2080.0,0.0,51.2,0.062111801242236,0.7082352941176469,65.0,9.0,0.45,0.01,2.0,4.6,0.4105263157894737,223.7,136.0,0.4148936170212766,2.0,1.0,7.0,1
510,16.932116504854367,0.1397524429967422,0.3218189655172416,68.04684684684685,20.7088,0.0,6.0,4.233898305084746,0.0,452.0,0.4293478260869565,0.4129032258064516,0.0,0.7082352941176469,24.0,10.0,2.6025,0.0113448275862068,1.0,1.4496478873239438,0.4105263157894737,49.16819444444443,17.731818181818184,0.4148936170212766,1.0,1.0,7.2,0
1714,16.932116504854367,0.08,0.3218189655172416,4.4,20.7088,0.0,33.0,4.233898305084746,6.3,569.0,0.0,0.4129032258064516,0.0,0.61,40.0,30.0,1.0,0.004,1.0,0.3,0.4105263157894737,49.16819444444443,23.9,0.4148936170212766,1.0,0.92,7.24,0
1375,16.932116504854367,0.1397524429967422,0.3218189655172416,68.04684684684685,0.0,1.3819875776397517,16.0,4.233898305084746,5.0,604.0,0.4293478260869565,0.0,0.062111801242236,0.7082352941176469,22.0,2.4,2.6025,0.0113448275862068,2.0,1.4496478873239438,0.4105263157894737,49.16819444444443,17.731818181818184,0.4148936170212766,2.0,1.0,7.6,0
1767,16.932116504854367,0.08,0.3218189655172416,68.04684684684685,20.7088,5.0,4.0,4.233898305084746,8.8,794.0,0.0,0.4129032258064516,4.0,0.7082352941176469,136.87798387096777,61.266284584980255,2.6025,0.0113448275862068,1.0,1.4496478873239438,0.4105263157894737,49.16819444444443,17.731818181818184,0.4148936170212766,1.0,0.5,7.45,1
921,50.0,0.1,0.031,5.0,20.7088,0.0,86.0,4.0,3.4260752688172045,658.0,0.0,0.4129032258064516,0.0,0.21,170.0,35.0,0.91,0.01,1.0,1.1,0.4105263157894737,2.72,4.1,0.4148936170212766,1.0,0.28,7.5,0
1411,16.932116504854367,0.1397524429967422,0.3218189655172416,68.04684684684685,20.7088,0.0,11.0,4.233898305084746,3.0,708.0,0.4293478260869565,0.4129032258064516,0.0,0.7082352941176469,600.0,61.266284584980255,2.6025,0.0113448275862068,1.6276276276276276,1.4496478873239438,2.0,49.16819444444443,17.731818181818184,1.0,1.5967213114754095,0.6,7.4,1
300,5.0,0.05,0.01,16.0,0.0,0.0,13.0,4.233898305084746,5.0,715.0,0.0,0.0,0.0,0.15,28.0,5.0,4.2,0.01,4.0,0.8,0.4105263157894737,5.9,52.0,0.4148936170212766,4.0,1.0,7.4,0
292,10.0,0.05,0.1,6.5,20.7088,0.0,0.0,4.233898305084746,0.0,395.0,0.0,0.4129032258064516,0.0,0.2,20.0,10.0,2.0,0.002,1.0,0.9,0.4105263157894737,4.7,10.0,0.4148936170212766,1.0,1.0,7.4,0
294,16.932116504854367,0.05,0.3218189655172416,68.04684684684685,20.7088,0.0,0.0,4.233898305084746,3.4260752688172045,528.0,0.0,0.4129032258064516,0.0,0.7082352941176469,20.0,61.266284584980255,2.6025,0.0113448275862068,1.6276276276276276,1.7,0.4105263157894737,49.16819444444443,17.731818181818184,0.4148936170212766,1.5967213114754095,1.4040811455847253,7.0,0
1352,4.0,0.05,0.566,14.0,20.7088,1.3819875776397517,39.82432432432432,4.233898305084746,2.0,156.0,0.4293478260869565,0.4129032258064516,0.062111801242236,0.28,17.0,4.0,0.45,0.01,2.0,1.4,0.4105263157894737,16.7,3.0,0.4148936170212766,2.0,1.0,7.5,0
1171,16.932116504854367,0.05,0.3218189655172416,68.04684684684685,0.0,1.3819875776397517,39.82432432432432,4.233898305084746,12.0,486.0,0.4293478260869565,0.0,0.062111801242236,0.3,28.0,5.0,2.6025,0.0113448275862068,2.0,1.4496478873239438,0.4105263157894737,49.16819444444443,17.731818181818184,0.4148936170212766,2.0,1.0,7.4,0
519,16.932116504854367,0.1397524429967422,0.3218189655172416,68.04684684684685,20.7088,0.0,4.0,4.233898305084746,0.0,399.0,0.4293478260869565,0.4129032258064516,0.0,0.7082352941176469,730.0,360.0,2.6025,0.0113448275862068,1.0,1.4496478873239438,0.4105263157894737,49.16819444444443,17.731818181818184,0.4148936170212766,1.0,6.3,7.4,1
819,5.0,0.21,0.473,8.0,0.0,1.3819875776397517,4.0,4.233898305084746,8.0,602.0,0.0,0.0,0.062111801242236,0.54,180.0,16.7,0.45,0.01,2.0,1.4,0.4105263157894737,17.2,8.0,0.4148936170212766,2.0,1.4,7.4,0
438,10.0,0.05,0.1,7.3,20.7088,0.0,4.0,4.233898305084746,0.0,588.0,0.0,0.4129032258064516,0.0,0.6,56.0,10.0,2.1,0.003,1.0,0.9,0.4105263157894737,5.8,34.0,0.4148936170212766,1.0,1.0,7.4,0
1395,16.932116504854367,0.1397524429967422,0.3218189655172416,68.04684684684685,20.7088,0.0,0.0,4.233898305084746,0.0,412.0,0.4293478260869565,0.4129032258064516,0.0,0.7082352941176469,20.0,10.0,2.6025,0.0113448275862068,1.0,1.4496478873239438,0.4105263157894737,49.16819444444443,17.731818181818184,0.4148936170212766,1.0,1.0,7.3,0
1316,16.932116504854367,0.1397524429967422,0.97,68.04684684684685,20.7088,0.0,86.0,4.233898305084746,7.9,628.0,0.4293478260869565,0.4129032258064516,0.0,0.7082352941176469,186.0,61.266284584980255,2.6025,0.0113448275862068,1.6276276276276276,1.4496478873239438,0.4105263157894737,49.16819444444443,17.731818181818184,0.4148936170212766,1.5967213114754095,1.0,7.7,0
312,16.932116504854367,0.05,0.3218189655172416,68.04684684684685,20.7088,7.0,4.0,4.233898305084746,0.0,605.0,0.4293478260869565,0.4129032258064516,0.0,0.7082352941176469,21.0,10.0,2.6025,0.0113448275862068,1.0,1.4496478873239438,0.4105263157894737,49.16819444444443,17.731818181818184,0.4148936170212766,1.0,1.0,7.4,1
1291,16.932116504854367,0.08,0.3218189655172416,68.04684684684685,20.7088,4.0,4.0,4.233898305084746,5.1,548.0,0.0,0.4129032258064516,0.0,0.7082352941176469,136.87798387096777,61.266284584980255,2.6025,0.0113448275862068,1.0,1.4496478873239438,0.4105263157894737,49.16819444444443,17.731818181818184,0.4148936170212766,1.0,0.68,7.25,1
880,16.932116504854367,0.1397524429967422,0.3218189655172416,68.04684684684685,0.0,1.3819875776397517,0.0,4.233898305084746,3.4260752688172045,553.7009302325581,0.4293478260869565,0.0,0.062111801242236,0.7082352941176469,136.87798387096777,61.266284584980255,2.6025,0.0113448275862068,1.6276276276276276,1.4496478873239438,0.4105263157894737,49.16819444444443,17.731818181818184,0.4148936170212766,1.5967213114754095,1.4040811455847253,7.58685185185185,0
421,40.0,0.208,0.025,29.7,20.7088,0.0,0.0,4.233898305084746,7.7,369.0,0.0,0.4129032258064516,0.0,0.15,40.0,2.0,1.0,0.334,1.0,2.9,1.0,16.5,31.6,1.0,1.5967213114754095,0.81,7.5,0
670,16.932116504854367,0.15,0.3218189655172416,68.04684684684685,20.7088,0.0,0.0,4.233898305084746,10.8,872.0,0.0,0.4129032258064516,0.0,0.7082352941176469,549.0,53.0,2.6025,0.0113448275862068,1.0,1.4496478873239438,0.4105263157894737,49.16819444444443,17.731818181818184,0.4148936170212766,1.0,1.62,8.08,1
348,16.932116504854367,0.05,0.3218189655172416,68.04684684684685,0.0,0.0,4.0,4.233898305084746,10.0,635.0,0.0,0.0,0.0,0.7082352941176469,130.0,6.0,2.6025,0.0113448275862068,1.0,3.2,0.4105263157894737,31.9,7.0,0.4148936170212766,1.5967213114754095,1.4,7.5,0
290,16.932116504854367,0.05,0.3218189655172416,68.04684684684685,20.7088,0.0,0.0,4.233898305084746,0.0,525.0,0.4293478260869565,0.4129032258064516,0.0,0.7082352941176469,44.0,61.266284584980255,2.6025,0.0113448275862068,1.0,1.4496478873239438,0.4105263157894737,49.16819444444443,17.731818181818184,0.4148936170212766,1.0,1.0,7.6,0
2301,16.932116504854367,0.1397524429967422,0.3218189655172416,68.04684684684685,0.0,1.3819875776397517,300.0,4.233898305084746,3.0,591.0,0.0,0.0,0.062111801242236,0.7082352941176469,40.0,27.0,2.6025,0.0113448275862068,2.0,1.4496478873239438,0.4105263157894737,49.16819444444443,17.731818181818184,0.4148936170212766,2.0,1.0,7.6,0
416,16.932116504854367,0.05,0.3218189655172416,68.04684684684685,20.7088,0.0,0.0,4.233898305084746,0.0,416.0,0.0,0.4129032258064516,0.0,0.7082352941176469,197.0,10.0,2.6025,0.0113448275862068,1.0,1.7,0.4105263157894737,4.3,3.8,0.4148936170212766,1.5967213114754095,2.0,7.2,0
1240,16.932116504854367,0.37,0.3218189655172416,68.04684684684685,0.0,1.3819875776397517,142.0,4.233898305084746,10.0,217.0,0.4293478260869565,0.0,0.062111801242236,0.7082352941176469,79.0,5.0,2.6025,0.0113448275862068,4.0,1.4496478873239438,0.4105263157894737,49.16819444444443,17.731818181818184,0.4148936170212766,4.0,1.0,7.9,0
267,16.932116504854367,0.1397524429967422,0.3218189655172416,68.04684684684685,20.7088,0.0,0.0,4.233898305084746,0.0,239.0,0.4293478260869565,0.4129032258064516,0.0,0.7082352941176469,20.0,11.0,2.6025,0.0113448275862068,1.0,1.4496478873239438,0.4105263157894737,49.16819444444443,17.731818181818184,0.4148936170212766,1.0,1.0,7.7,0
392,16.932116504854367,0.1397524429967422,0.3218189655172416,68.04684684684685,20.7088,0.0,4.0,4.233898305084746,0.0,346.0,0.4293478260869565,0.4129032258064516,0.0,0.7082352941176469,20.0,10.0,2.6025,0.0113448275862068,1.0,1.4496478873239438,0.4105263157894737,49.16819444444443,17.731818181818184,0.4148936170212766,1.0,1.0,7.5,0
457,16.932116504854367,0.05,0.3218189655172416,68.04684684684685,20.7088,0.0,39.82432432432432,4.7,3.4260752688172045,588.0,0.0,0.4129032258064516,0.0,0.19,902.0,48.0,2.6025,0.0113448275862068,1.6276276276276276,1.4496478873239438,0.0,49.16819444444443,17.731818181818184,0.0,1.5967213114754095,5.5,8.1,1
892,16.932116504854367,0.05,0.3218189655172416,68.04684684684685,20.7088,0.0,39.82432432432432,3.1,3.4260752688172045,493.0,0.4293478260869565,0.4129032258064516,0.0,0.7082352941176469,39.0,20.0,2.6025,0.0113448275862068,1.6276276276276276,1.4496478873239438,0.0,49.16819444444443,17.731818181818184,0.0,1.5967213114754095,0.5,7.7,0
1378,16.932116504854367,0.14,0.3218189655172416,68.04684684684685,20.7088,0.0,31.0,4.233898305084746,0.0,354.0,0.0,0.4129032258064516,0.0,0.7082352941176469,135.0,18.0,2.6025,0.0113448275862068,1.0,1.6,0.4105263157894737,102.0,1.0,0.4148936170212766,1.0,1.6,7.7,0
359,10.0,0.05,0.4,2.1,20.7088,0.0,0.0,4.233898305084746,0.0,194.0,0.0,0.4129032258064516,0.0,1.3,20.0,10.0,2.0,0.002,1.0,0.8,0.4105263157894737,19.0,4.5,0.4148936170212766,1.0,1.0,7.6,0
609,16.932116504854367,0.1397524429967422,0.3218189655172416,68.04684684684685,20.7088,0.0,0.0,4.233898305084746,0.0,457.0,0.4293478260869565,0.4129032258064516,0.0,0.7082352941176469,22.0,10.0,2.6025,0.0113448275862068,1.0,1.4496478873239438,0.4105263157894737,49.16819444444443,17.731818181818184,0.4148936170212766,1.0,1.0,7.4,0
595,16.932116504854367,0.11,0.3218189655172416,68.04684684684685,20.7088,0.0,0.0,4.233898305084746,0.0,602.0,0.4293478260869565,0.4129032258064516,0.0,0.7082352941176469,33.0,61.266284584980255,2.6025,0.0113448275862068,1.0,1.4496478873239438,0.4105263157894737,49.16819444444443,17.731818181818184,0.4148936170212766,1.0,1.0,7.3,0
752,4.0,0.08,0.149,224.0,20.7088,0.0,136.0,4.233898305084746,9.1,1012.0,0.0,0.4129032258064516,0.0,0.88,172.0,30.0,1.0,0.008,1.0,0.74,0.4105263157894737,103.4,3.6,0.4148936170212766,1.0,1.46,8.03,0
182,5.0,0.21,0.105,102.0,20.7088,0.0,136.0,4.233898305084746,11.6,700.0,0.0,0.4129032258064516,0.0,0.68,60.4,66.2,1.0,0.004,3.0,0.83,0.4105263157894737,61.1,2.8,0.4148936170212766,3.0,1.27,7.92,1
1224,16.932116504854367,0.05,0.3218189655172416,68.04684684684685,20.7088,0.0,14.0,4.233898305084746,0.0,588.0,0.4293478260869565,0.4129032258064516,0.0,0.7082352941176469,20.0,61.266284584980255,2.6025,0.0113448275862068,1.0,1.4496478873239438,0.4105263157894737,49.16819444444443,17.731818181818184,0.4148936170212766,1.0,1.0,7.4,0
461,10.0,0.05,0.1,9.7,20.7088,0.0,0.0,4.233898305084746,0.0,562.0,0.0,0.4129032258064516,0.0,0.1,26.0,10.0,2.7,0.002,1.0,2.0,0.4105263157894737,5.8,56.0,0.4148936170212766,1.0,1.0,7.3,0
533,16.932116504854367,0.05,0.3218189655172416,68.04684684684685,20.7088,0.0,0.0,4.233898305084746,0.0,536.0,0.4293478260869565,0.4129032258064516,0.0,0.7082352941176469,234.0,13.0,2.6025,0.0113448275862068,1.0,1.4496478873239438,0.4105263157894737,49.16819444444443,17.731818181818184,0.4148936170212766,1.0,2.6,7.0,1
1194,16.932116504854367,0.1397524429967422,0.3218189655172416,68.04684684684685,0.0,1.3819875776397517,0.0,4.233898305084746,13.0,676.0,0.4293478260869565,0.0,0.062111801242236,0.7082352941176469,1170.0,61.266284584980255,2.6025,0.0113448275862068,4.0,1.4496478873239438,0.4105263157894737,49.16819444444443,17.731818181818184,0.4148936170212766,4.0,4.6,7.6,1
260,16.932116504854367,0.05,0.3218189655172416,68.04684684684685,20.7088,1.3819875776397517,0.0,4.233898305084746,0.0,328.0,0.0,0.4129032258064516,0.0,0.7082352941176469,54.0,61.266284584980255,2.6025,0.0113448275862068,1.0,1.4496478873239438,0.4105263157894737,49.16819444444443,17.731818181818184,0.4148936170212766,1.0,1.0,7.4,0
1792,16.932116504854367,0.1,0.3218189655172416,68.04684684684685,20.7088,0.0,80.0,4.233898305084746,3.4260752688172045,972.0,0.0,0.4129032258064516,0.0,0.7082352941176469,136.87798387096777,61.266284584980255,2.6025,0.0113448275862068,1.6276276276276276,1.4496478873239438,0.0,49.16819444444443,17.731818181818184,0.0,1.5967213114754095,0.5,7.9,0
845,16.932116504854367,0.1397524429967422,0.3218189655172416,68.04684684684685,20.7088,1.3819875776397517,39.82432432432432,4.233898305084746,2.0,319.0,0.4293478260869565,0.4129032258064516,0.062111801242236,0.7082352941176469,18.0,5.0,2.6025,0.0113448275862068,2.0,1.4496478873239438,0.4105263157894737,49.16819444444443,17.731818181818184,0.4148936170212766,2.0,1.0,7.6,0
370,16.932116504854367,0.05,0.3218189655172416,68.04684684684685,20.7088,0.0,11.0,4.233898305084746,0.0,673.0,0.4293478260869565,0.4129032258064516,0.0,0.7082352941176469,20.0,61.266284584980255,2.6025,0.0113448275862068,1.0,1.4496478873239438,0.4105263157894737,49.16819444444443,17.731818181818184,0.4148936170212766,1.0,1.0,7.4,0
1595,16.932116504854367,0.57,0.3218189655172416,68.04684684684685,20.7088,0.0,57.0,4.233898305084746,12.0,651.0,0.0,0.4129032258064516,0.0,0.7082352941176469,6600.0,58.2,2.6025,0.0113448275862068,2.0,6.3,0.4105263157894737,46.2,13.0,0.4148936170212766,1.5967213114754095,50.0,6.9,1
1774,16.932116504854367,0.1397524429967422,0.3218189655172416,68.04684684684685,0.0,1.3819875776397517,9.0,4.233898305084746,3.0,881.0,0.4293478260869565,0.0,0.062111801242236,0.7082352941176469,19.0,5.0,2.6025,0.0113448275862068,1.0,1.4496478873239438,0.4105263157894737,49.16819444444443,17.731818181818184,0.4148936170212766,1.0,1.0,7.6,0
1132,16.932116504854367,0.05,0.3218189655172416,68.04684684684685,20.7088,0.0,39.82432432432432,5.0,3.4260752688172045,354.0,0.0,0.4129032258064516,0.0,0.7082352941176469,32.0,21.1,2.6025,0.0113448275862068,1.6276276276276276,1.4496478873239438,0.0,49.16819444444443,17.731818181818184,0.0,1.5967213114754095,1.4040811455847253,7.8,0
1784,16.932116504854367,0.08,0.3218189655172416,8.6,20.7088,0.0,4.0,4.233898305084746,6.3,635.0,0.0,0.4129032258064516,0.0,0.2,40.0,30.0,17.6,0.004,1.0,0.3,0.4105263157894737,49.16819444444443,14.8,0.4148936170212766,1.0,1.0,7.28,0
1585,16.932116504854367,0.05,0.3218189655172416,68.04684684684685,20.7088,0.0,0.0,4.233898305084746,0.0,416.0,0.4293478260869565,0.4129032258064516,0.0,0.7082352941176469,20.0,10.0,2.6025,0.0113448275862068,1.0,1.4496478873239438,0.4105263157894737,49.16819444444443,17.731818181818184,0.4148936170212766,1.0,1.0,7.1,0
1770,16.932116504854367,0.19,0.3218189655172416,68.04684684684685,20.7088,0.0,39.82432432432432,4.233898305084746,15.0,155.0,0.4293478260869565,0.4129032258064516,0.0,0.7082352941176469,136.87798387096777,61.266284584980255,2.6025,0.0113448275862068,1.0,1.4496478873239438,0.4105263157894737,49.16819444444443,17.731818181818184,0.4148936170212766,1.0,0.68,7.72,0
1000,16.932116504854367,0.05,0.3218189655172416,68.04684684684685,0.0,1.3819875776397517,39.82432432432432,5.0,3.4260752688172045,472.0,0.4293478260869565,0.0,0.062111801242236,0.7082352941176469,124.0,61.266284584980255,0.89,0.004,1.6276276276276276,1.4496478873239438,0.0,49.16819444444443,17.731818181818184,0.0,1.5967213114754095,1.4040811455847253,7.45,0
644,16.932116504854367,0.1397524429967422,0.3218189655172416,68.04684684684685,20.7088,0.0,4.0,4.233898305084746,0.0,439.0,0.4293478260869565,0.4129032258064516,0.0,0.7082352941176469,27.0,83.0,2.6025,0.0113448275862068,1.0,1.4496478873239438,0.4105263157894737,49.16819444444443,17.731818181818184,0.4148936170212766,1.0,1.0,7.3,1
302,4.0,0.33,0.79,61.0,0.0,0.0,300.0,4.233898305084746,4.0,657.0,0.0,0.0,0.0,0.82,24.0,20.0,0.58,0.016,2.0,1.0,0.4105263157894737,57.3,3.0,0.4148936170212766,2.0,1.0,7.9,0
2108,10.0,0.05,0.1,1.0,20.7088,0.0,300.0,4.233898305084746,0.0,367.0,0.0,0.4129032258064516,0.0,0.1,50.0,12.0,1.1,0.01,1.0,0.8,0.4105263157894737,2.0,1.8,0.4148936170212766,1.0,2.0,7.6,0
1323,16.932116504854367,0.05,0.3218189655172416,68.04684684684685,20.7088,0.0,3.0,4.233898305084746,6.0,1022.0,0.4293478260869565,0.4129032258064516,0.0,0.87,20.0,61.266284584980255,2.6025,0.0113448275862068,1.6276276276276276,1.4496478873239438,1.0,49.16819444444443,17.731818181818184,1.0,1.5967213114754095,0.5,7.3,0
210,16.932116504854367,0.05,0.3218189655172416,68.04684684684685,20.7088,0.0,0.0,4.233898305084746,0.0,343.0,0.4293478260869565,0.4129032258064516,0.0,0.7082352941176469,20.0,10.0,2.6025,0.0113448275862068,1.0,1.4496478873239438,0.4105263157894737,49.16819444444443,17.731818181818184,0.4148936170212766,1.0,1.0,7.4,0
1820,16.932116504854367,0.38,0.3218189655172416,68.04684684684685,20.7088,0.0,39.82432432432432,4.233898305084746,11.2,348.0,0.4293478260869565,0.4129032258064516,0.0,0.7082352941176469,136.87798387096777,61.266284584980255,2.6025,0.0113448275862068,1.0,1.4496478873239438,0.4105263157894737,49.16819444444443,17.731818181818184,0.4148936170212766,1.0,0.5,7.78,0
652,5.0,0.1397524429967422,0.679,68.04684684684685,20.7088,0.0,7.0,4.233898305084746,5.8,907.0,0.4293478260869565,0.4129032258064516,0.0,0.7082352941176469,136.87798387096777,61.266284584980255,2.6025,0.0113448275862068,1.0,1.4496478873239438,0.4105263157894737,51.6,110.0,0.4148936170212766,1.0,2.97,7.45,0
338,10.0,0.05,0.1,2.2,20.7088,0.0,0.0,4.233898305084746,0.0,561.0,0.0,0.4129032258064516,0.0,0.1,20.0,10.0,1.0,0.002,1.0,0.8,0.4105263157894737,4.4,3.2,0.4148936170212766,1.0,1.0,7.3,0
1044,16.932116504854367,0.1397524429967422,0.3218189655172416,68.04684684684685,0.0,1.3819875776397517,7.0,4.233898305084746,2.0,735.0,0.0,0.0,0.062111801242236,0.7082352941176469,59.0,5.0,2.6025,0.0113448275862068,1.0,1.4496478873239438,0.4105263157894737,49.16819444444443,17.731818181818184,0.4148936170212766,1.0,1.4,7.8,0
358,16.932116504854367,0.1397524429967422,0.3218189655172416,68.04684684684685,20.7088,0.0,7.0,4.233898305084746,0.0,269.0,0.4293478260869565,0.4129032258064516,0.0,1.1,136.87798387096777,61.266284584980255,2.6025,0.0113448275862068,1.0,1.1,0.4105263157894737,49.16819444444443,17.731818181818184,0.4148936170212766,1.0,1.0,7.4,0
505,16.932116504854367,0.1397524429967422,0.3218189655172416,68.04684684684685,20.7088,0.0,10.0,4.233898305084746,0.0,332.0,0.4293478260869565,0.4129032258064516,0.0,0.7082352941176469,33.0,10.0,2.6025,0.0113448275862068,1.0,1.4496478873239438,0.4105263157894737,49.16819444444443,17.731818181818184,0.4148936170212766,1.0,1.0,7.6,0
318,16.932116504854367,0.05,0.3218189655172416,68.04684684684685,20.7088,0.0,0.0,4.233898305084746,0.0,516.0,0.4293478260869565,0.4129032258064516,0.0,0.7082352941176469,20.0,10.0,2.6025,0.0113448275862068,1.0,1.4496478873239438,0.4105263157894737,49.16819444444443,17.731818181818184,0.4148936170212766,1.0,1.0,7.3,0
514,16.932116504854367,0.1397524429967422,0.3218189655172416,68.04684684684685,20.7088,0.0,0.0,4.233898305084746,0.0,395.0,0.4293478260869565,0.4129032258064516,0.0,0.7082352941176469,20.0,10.0,2.6025,0.0113448275862068,1.0,1.4496478873239438,0.4105263157894737,49.16819444444443,17.731818181818184,0.4148936170212766,1.0,1.0,7.5,0
278,20.0,0.37,0.1,58.0,20.7088,0.0,7.0,10.0,3.4260752688172045,920.0,0.0,0.4129032258064516,0.0,0.32,132.0,8.6,0.69,0.1,1.6276276276276276,1.4496478873239438,0.0,30.0,43.0,0.0,1.5967213114754095,0.5,7.9,0
698,16.932116504854367,0.08,0.3218189655172416,68.04684684684685,20.7088,0.0,6.0,4.233898305084746,10.1,667.0,0.0,0.4129032258064516,0.0,0.7082352941176469,136.87798387096777,61.266284584980255,2.6025,0.0113448275862068,1.0,1.4496478873239438,0.4105263157894737,49.16819444444443,16.2,0.4148936170212766,1.0,0.7,7.23,0
622,16.932116504854367,0.08,0.3218189655172416,68.04684684684685,20.7088,0.0,0.0,4.233898305084746,15.0,961.0,0.0,0.4129032258064516,0.0,0.7082352941176469,513.0,30.0,2.6025,0.0113448275862068,4.0,1.4496478873239438,0.4105263157894737,49.16819444444443,17.731818181818184,0.4148936170212766,4.0,2.08,7.92,1
1092,5.0,0.05,0.133,100.0,1.0,1.3819875776397517,60.0,4.233898305084746,4.0,570.0,0.0,0.0,0.062111801242236,0.63,22.0,5.5,0.45,0.01,2.0,0.64,0.4105263157894737,51.4,13.0,0.4148936170212766,2.0,1.0,7.9,1
563,16.932116504854367,0.06,0.3218189655172416,68.04684684684685,20.7088,0.0,39.82432432432432,4.233898305084746,5.0,576.0,0.4293478260869565,0.4129032258064516,0.0,0.7082352941176469,703.0,210.0,2.6025,0.0113448275862068,1.0,1.4496478873239438,0.4105263157894737,49.16819444444443,17.731818181818184,0.4148936170212766,1.0,5.0,7.3,1
216,16.932116504854367,0.1397524429967422,0.3218189655172416,68.04684684684685,20.7088,0.0,0.0,4.233898305084746,0.0,509.0,0.4293478260869565,0.4129032258064516,0.0,0.7082352941176469,84.0,10.0,2.6025,0.0113448275862068,1.0,1.4496478873239438,0.4105263157894737,49.16819444444443,17.731818181818184,0.4148936170212766,1.0,1.0,6.8,0
1107,5.0,0.25,0.444,61.0,0.0,1.3819875776397517,38.0,4.233898305084746,4.0,634.0,0.0,0.0,0.062111801242236,1.16,200.0,5.0,0.45,0.01,1.0,1.9,0.4105263157894737,75.6,5.0,0.4148936170212766,1.0,1.0,7.5,0
173,10.0,0.09,0.3,4.3,20.7088,0.0,0.0,4.233898305084746,0.0,434.0,0.0,0.4129032258064516,0.0,1.1,99.0,10.0,1.0,0.01,1.0,1.1,0.4105263157894737,27.0,8.0,0.4148936170212766,1.0,1.6,7.7,0
511,16.932116504854367,0.1397524429967422,0.3218189655172416,68.04684684684685,20.7088,0.0,0.0,4.233898305084746,0.0,337.0,0.4293478260869565,0.4129032258064516,0.0,0.7082352941176469,20.0,10.0,2.6025,0.0113448275862068,1.0,1.4496478873239438,0.4105263157894737,49.16819444444443,17.731818181818184,0.4148936170212766,1.0,1.0,7.4,0
467,10.0,0.05,0.1,1.0,20.7088,0.0,6.0,9.9,3.4260752688172045,458.0,0.0,0.4129032258064516,0.0,0.2,67.0,10.0,2.8,0.03,1.6276276276276276,1.4,0.0,4.8,2.6,0.0,1.5967213114754095,0.7,7.8,0
594,16.932116504854367,0.1397524429967422,0.3218189655172416,68.04684684684685,20.7088,0.0,0.0,4.233898305084746,0.0,475.0,0.4293478260869565,0.4129032258064516,0.0,0.7082352941176469,53.0,61.266284584980255,2.6025,0.0113448275862068,1.0,1.4496478873239438,0.4105263157894737,49.16819444444443,17.731818181818184,0.4148936170212766,1.0,1.0,7.3,0
732,16.932116504854367,0.14,0.3218189655172416,68.04684684684685,0.0,1.3819875776397517,39.82432432432432,4.233898305084746,3.0,514.0,0.4293478260869565,0.0,0.062111801242236,0.7082352941176469,120.0,61.266284584980255,2.6025,0.0113448275862068,2.0,1.4496478873239438,0.4105263157894737,49.16819444444443,17.731818181818184,0.4148936170212766,1.5967213114754095,1.0,7.3,0
363,10.0,0.05,0.1,1.9,20.7088,0.0,0.0,4.233898305084746,0.0,371.0,0.0,0.4129032258064516,0.0,0.8,20.0,10.0,2.1,0.002,1.0,0.8,0.4105263157894737,8.5,4.8,0.4148936170212766,1.0,1.0,7.4,0
1353,0.006,0.12,0.089,182.2,2.0,0.0,207.0,4.233898305084746,4.0,866.0,0.0,0.0,0.0,0.56,60.0,20.0,1.4,0.004,2.0,2.2,1.0,59.0,3.3,0.4148936170212766,2.0,2.5,7.9,1
592,16.932116504854367,0.05,0.3218189655172416,68.04684684684685,20.7088,0.0,39.82432432432432,4.6,3.4260752688172045,421.0,0.4293478260869565,0.4129032258064516,0.0,0.7082352941176469,37.0,61.266284584980255,2.6025,0.0113448275862068,1.6276276276276276,1.4496478873239438,0.0,49.16819444444443,17.731818181818184,0.0,1.5967213114754095,0.2,8.2,0
394,20.0,0.36,0.24,250.0,20.7088,0.0,7.0,4.233898305084746,20.0,1610.0,0.0,0.4129032258064516,0.0,0.61,43.0,40.0,0.11,0.007,1.6276276276276276,1.4496478873239438,0.4105263157894737,200.0,10.0,0.4148936170212766,1.5967213114754095,0.5,8.3,0
1713,16.932116504854367,0.05,0.3218189655172416,68.04684684684685,0.0,1.3819875776397517,39.82432432432432,5.0,3.4260752688172045,477.0,0.4293478260869565,0.0,0.062111801242236,0.7082352941176469,75.0,61.266284584980255,1.06,0.004,1.6276276276276276,1.4496478873239438,0.0,49.16819444444443,17.731818181818184,0.0,1.5967213114754095,1.4040811455847253,7.57,0
498,16.932116504854367,0.05,0.3218189655172416,68.04684684684685,20.7088,0.0,39.82432432432432,4.233898305084746,0.0,288.0,0.4293478260869565,0.4129032258064516,0.0,0.7082352941176469,86.0,10.0,2.6025,0.0113448275862068,1.0,1.4496478873239438,0.4105263157894737,49.16819444444443,17.731818181818184,0.4148936170212766,1.0,1.0,7.2,0
965,16.932116504854367,0.1397524429967422,0.3218189655172416,68.04684684684685,20.7088,1.0,4.0,5.0,3.4260752688172045,417.0,0.0,0.4129032258064516,0.0,0.7082352941176469,136.87798387096777,61.266284584980255,2.6025,0.0113448275862068,1.6276276276276276,1.4496478873239438,0.0,49.16819444444443,17.731818181818184,0.0,1.5967213114754095,1.4040811455847253,8.13,1
1293,16.932116504854367,0.05,0.3218189655172416,68.04684684684685,0.0,1.3819875776397517,25.0,4.233898305084746,3.0,442.0,0.0,0.0,0.062111801242236,0.7082352941176469,345.0,61.266284584980255,2.6025,0.0113448275862068,2.0,1.4496478873239438,0.4105263157894737,49.16819444444443,17.731818181818184,0.4148936170212766,2.0,6.6,7.7,1
735,16.932116504854367,0.05,0.3218189655172416,68.04684684684685,0.0,1.3819875776397517,0.0,4.233898305084746,3.0,694.0,0.0,0.0,0.062111801242236,0.7082352941176469,29.0,5.0,2.6025,0.0113448275862068,2.0,2.8,0.4105263157894737,37.2,49.0,0.4148936170212766,1.5967213114754095,1.0,7.3,0
991,42.1,0.05,0.015,43.0,0.0,1.3819875776397517,300.0,4.233898305084746,3.0,450.0,0.0,0.0,0.062111801242236,0.18,31.0,7.0,1.8,0.01,2.0,4.0,0.4105263157894737,11.4,31.0,0.4148936170212766,2.0,1.0,7.1,0
992,16.932116504854367,0.05,0.3218189655172416,68.04684684684685,20.7088,0.0,12.0,4.233898305084746,0.0,493.0,0.4293478260869565,0.4129032258064516,0.0,0.7082352941176469,114.0,61.266284584980255,2.6025,0.0113448275862068,1.0,1.4496478873239438,0.4105263157894737,49.16819444444443,17.731818181818184,0.4148936170212766,1.0,1.4,7.3,0
235,16.932116504854367,0.1397524429967422,0.3218189655172416,68.04684684684685,20.7088,0.0,0.0,4.233898305084746,0.0,339.0,0.4293478260869565,0.4129032258064516,0.0,0.7082352941176469,26.0,14.0,2.6025,0.0113448275862068,1.0,1.4496478873239438,0.4105263157894737,49.16819444444443,17.731818181818184,0.4148936170212766,1.0,1.0,7.6,0
1593,16.932116504854367,0.1397524429967422,0.3218189655172416,68.04684684684685,0.0,1.3819875776397517,41.0,4.233898305084746,6.0,785.0,0.4293478260869565,0.0,0.062111801242236,0.7082352941176469,136.87798387096777,61.266284584980255,2.6025,0.0113448275862068,2.0,1.4496478873239438,0.4105263157894737,49.16819444444443,17.731818181818184,0.4148936170212766,2.0,1.0,7.3,0
1292,16.932116504854367,0.05,0.3218189655172416,68.04684684684685,0.0,1.3819875776397517,31.0,4.233898305084746,3.0,518.0,0.0,0.0,0.062111801242236,0.7082352941176469,136.87798387096777,61.266284584980255,2.6025,0.0113448275862068,1.0,1.4496478873239438,0.4105263157894737,49.16819444444443,17.731818181818184,0.4148936170212766,1.0,1.0,7.3,0
738,16.932116504854367,0.05,0.3218189655172416,68.04684684684685,7.5,0.0,39.82432432432432,4.233898305084746,7.0,632.0,0.4293478260869565,0.0,0.062111801242236,0.7082352941176469,345.0,61.266284584980255,2.6025,0.0113448275862068,2.0,1.4496478873239438,0.4105263157894737,49.16819444444443,17.731818181818184,0.4148936170212766,2.0,2.1,7.2,1
1794,16.932116504854367,0.36,0.3218189655172416,68.04684684684685,20.7088,0.0,88.0,4.233898305084746,3.4260752688172045,260.0,0.0,0.4129032258064516,0.0,0.7082352941176469,136.87798387096777,61.266284584980255,2.6025,0.0113448275862068,1.6276276276276276,1.4496478873239438,0.4105263157894737,49.16819444444443,17.731818181818184,0.4148936170212766,1.5967213114754095,1.4040811455847253,6.89,0
1477,16.932116504854367,0.05,0.3218189655172416,68.04684684684685,20.7088,0.0,39.82432432432432,1.5,3.4260752688172045,452.0,0.4293478260869565,0.4129032258064516,0.0,0.7082352941176469,57.0,61.266284584980255,2.6025,0.0113448275862068,1.6276276276276276,1.4496478873239438,0.0,49.16819444444443,17.731818181818184,0.0,1.5967213114754095,0.2,7.7,0
523,10.0,0.05,0.1,2.6,20.7088,0.0,0.0,4.233898305084746,5.0,399.0,0.0,0.4129032258064516,0.0,0.1,20.0,12.0,1.0,0.002,1.0,3.4,0.4105263157894737,3.9,1.4,0.4148936170212766,1.0,1.0,7.2,0
1693,16.932116504854367,0.05,0.3218189655172416,68.04684684684685,20.7088,17.0,39.82432432432432,4.233898305084746,0.0,413.0,0.4293478260869565,0.4129032258064516,0.0,0.2,171.0,61.266284584980255,2.6025,0.0113448275862068,1.0,1.4496478873239438,0.4105263157894737,49.16819444444443,17.731818181818184,0.4148936170212766,1.0,1.9,7.9,1
874,16.932116504854367,0.33,0.3218189655172416,230.0,0.0,1.3819875776397517,4.0,4.233898305084746,4.0,942.0,0.0,0.0,0.062111801242236,0.5,87.0,6.0,2.6025,0.046,2.0,1.7,0.4105263157894737,85.4,12.0,0.4148936170212766,2.0,1.0,7.8,0
602,16.932116504854367,0.1397524429967422,0.3218189655172416,68.04684684684685,20.7088,0.0,2.0,1.7,3.4260752688172045,605.0,0.4293478260869565,0.4129032258064516,0.0,0.7082352941176469,20.0,61.266284584980255,2.6025,0.0113448275862068,1.6276276276276276,1.4496478873239438,0.0,49.16819444444443,17.731818181818184,0.0,1.5967213114754095,0.2,7.7,0
1213,5.0,0.05,0.118,111.0,0.0,0.0,20.0,4.233898305084746,2.0,612.0,0.0,0.0,0.0,0.92,55.0,7.0,0.5,0.01,2.0,1.0,0.4105263157894737,53.6,24.0,0.4148936170212766,2.0,1.0,7.9,0
369,16.932116504854367,0.1397524429967422,0.3218189655172416,68.04684684684685,20.7088,0.0,0.0,4.233898305084746,0.0,387.0,0.4293478260869565,0.4129032258064516,0.0,0.7082352941176469,20.0,110.0,2.6025,0.0113448275862068,1.0,1.4496478873239438,0.4105263157894737,49.16819444444443,17.731818181818184,0.4148936170212766,1.0,1.0,7.5,1
1067,5.0,0.05,0.173,20.0,0.0,1.3819875776397517,0.0,4.233898305084746,3.4260752688172045,553.7009302325581,0.0,0.0,0.062111801242236,0.59,34.0,2.0,0.45,0.01,1.6276276276276276,1.4,0.4105263157894737,15.3,34.0,0.4148936170212766,1.5967213114754095,1.4040811455847253,7.58685185185185,0
1360,16.932116504854367,0.05,0.3218189655172416,68.04684684684685,20.7088,0.0,39.82432432432432,4.233898305084746,1.0,430.0,0.0,0.4129032258064516,0.0,0.7082352941176469,58.0,10.0,2.6025,0.0113448275862068,4.0,1.1,0.4105263157894737,100.0,17.731818181818184,0.4148936170212766,1.5967213114754095,1.0,7.9,0
1821,16.932116504854367,0.05,0.3218189655172416,68.04684684684685,20.7088,0.0,0.0,4.233898305084746,0.0,636.0,0.4293478260869565,0.4129032258064516,0.0,0.2,20.0,61.266284584980255,45.0,0.002,1.0,1.4496478873239438,0.4105263157894737,5.6,27.0,0.4148936170212766,1.0,1.0,7.5,0
1672,16.932116504854367,0.05,0.3218189655172416,68.04684684684685,20.7088,0.0,39.82432432432432,4.233898305084746,0.0,33.0,0.4293478260869565,0.4129032258064516,0.0,0.7082352941176469,20.0,10.0,2.6025,0.0113448275862068,1.0,1.4496478873239438,0.4105263157894737,49.16819444444443,17.731818181818184,0.4148936170212766,1.0,1.0,7.5,0
175,16.932116504854367,0.05,0.3218189655172416,68.04684684684685,20.7088,0.0,0.0,4.233898305084746,0.0,400.0,0.0,0.4129032258064516,0.0,0.7082352941176469,23.0,61.266284584980255,2.6025,0.0113448275862068,1.0,1.4496478873239438,0.4105263157894737,49.16819444444443,17.731818181818184,0.4148936170212766,1.0,1.0,7.9,0
747,5.0,0.08,0.032,99.0,20.7088,0.0,14.0,4.233898305084746,10.5,633.0,0.0,0.4129032258064516,0.0,0.41,161.0,30.0,1.0,0.004,4.0,0.38,0.4105263157894737,21.4,15.8,0.4148936170212766,4.0,1.08,8.11,0
236,16.932116504854367,0.1397524429967422,0.3218189655172416,68.04684684684685,20.7088,0.0,0.0,4.233898305084746,0.0,324.0,0.4293478260869565,0.4129032258064516,0.0,0.7082352941176469,20.0,10.0,2.6025,0.0113448275862068,1.0,1.4496478873239438,0.4105263157894737,49.16819444444443,17.731818181818184,0.4148936170212766,1.0,1.0,7.6,0
710,16.932116504854367,0.1397524429967422,0.3218189655172416,68.04684684684685,20.7088,0.0,1.0,4.233898305084746,6.0,496.0,0.4293478260869565,0.4129032258064516,0.0,0.7082352941176469,94.0,61.266284584980255,2.6025,0.0113448275862068,1.6276276276276276,1.4496478873239438,1.0,49.16819444444443,17.731818181818184,1.0,1.5967213114754095,0.6,7.45,0
308,16.932116504854367,0.05,0.3218189655172416,68.04684684684685,20.7088,0.0,0.0,4.233898305084746,0.0,364.0,0.4293478260869565,0.4129032258064516,0.0,0.7082352941176469,136.87798387096777,61.266284584980255,2.6025,0.0113448275862068,1.0,1.4496478873239438,0.4105263157894737,49.16819444444443,17.731818181818184,0.4148936170212766,1.0,1.0,7.5,0
537,10.0,0.05,0.2,17.0,20.7088,0.0,30.0,4.233898305084746,0.0,291.0,0.0,0.4129032258064516,0.0,0.2,20.0,10.0,1.8,0.007,1.6276276276276276,0.9,0.4105263157894737,10.0,26.0,0.4148936170212766,1.0,1.0,7.7,0
582,16.932116504854367,0.05,0.3218189655172416,68.04684684684685,20.7088,0.0,39.82432432432432,1.5,3.4260752688172045,207.0,0.4293478260869565,0.4129032258064516,0.0,1.29,25.0,61.266284584980255,2.6025,0.0113448275862068,1.6276276276276276,1.4496478873239438,0.0,49.16819444444443,17.731818181818184,0.0,1.5967213114754095,0.2,7.8,0
1315,16.932116504854367,0.73,0.3218189655172416,68.04684684684685,20.7088,0.0,7.0,4.233898305084746,0.0,871.0,0.4293478260869565,0.4129032258064516,0.0,0.7082352941176469,20.0,61.266284584980255,2.6025,0.0113448275862068,2.0,1.4496478873239438,0.4105263157894737,49.16819444444443,17.731818181818184,0.4148936170212766,1.0,1.0,6.7,1
1307,16.932116504854367,0.15,0.3218189655172416,68.04684684684685,20.7088,77.0,54.0,4.233898305084746,0.0,706.0,5.0,0.4129032258064516,4.0,0.7082352941176469,200.0,10.0,2.6025,0.0113448275862068,1.0,1.1,0.4105263157894737,49.16819444444443,17.731818181818184,0.4148936170212766,1.0,3.7,7.5,1
330,16.932116504854367,0.05,0.3218189655172416,68.04684684684685,20.7088,0.0,300.0,4.233898305084746,0.0,463.0,0.4293478260869565,0.4129032258064516,0.0,0.7082352941176469,20.0,61.266284584980255,2.6025,0.0113448275862068,1.0,1.4496478873239438,0.4105263157894737,49.16819444444443,17.731818181818184,0.4148936170212766,1.0,1.0,7.4,0
1724,16.932116504854367,0.94,0.3218189655172416,68.04684684684685,20.7088,0.0,300.0,4.233898305084746,5.0,560.0,0.4293478260869565,0.4129032258064516,0.0,0.7082352941176469,160.0,61.266284584980255,2.6025,0.0113448275862068,1.6276276276276276,1.4496478873239438,2.0,49.16819444444443,17.731818181818184,1.0,1.5967213114754095,0.6,8.17,1
773,16.932116504854367,0.3,0.3218189655172416,68.04684684684685,20.7088,0.0,0.0,5.0,3.4260752688172045,838.0,0.0,0.4129032258064516,0.0,0.7082352941176469,136.87798387096777,61.266284584980255,2.6025,0.0113448275862068,1.6276276276276276,1.4496478873239438,0.0,49.16819444444443,17.731818181818184,0.0,1.5967213114754095,0.3,7.4,0
442,10.0,0.05,0.1,3.0,20.7088,1.0,34.0,5.0,0.0,719.0,0.0,0.4129032258064516,0.0,0.1,34.0,10.0,1.7,0.02,1.0,1.3,0.0,3.0,8.5,1.0,1.0,1.0,7.39,1
381,16.932116504854367,0.05,0.3218189655172416,68.04684684684685,20.7088,0.0,0.0,4.233898305084746,0.0,329.0,0.4293478260869565,0.4129032258064516,0.0,0.7082352941176469,20.0,61.266284584980255,2.6025,0.0113448275862068,1.0,1.4496478873239438,0.4105263157894737,49.16819444444443,17.731818181818184,0.4148936170212766,1.0,1.0,7.4,0
346,10.0,0.05,0.1,27.0,20.7088,0.0,8.0,5.0,0.0,678.0,0.0,0.4129032258064516,0.0,0.2,45.0,10.0,1.0,0.002,1.0,1.7,0.0,16.0,48.0,0.0,1.0,1.0,7.5,0
679,16.932116504854367,0.08,0.3218189655172416,68.04684684684685,20.7088,0.0,4.0,4.233898305084746,7.5,849.0,0.0,0.4129032258064516,0.0,0.7082352941176469,166.0,61.266284584980255,2.6025,0.0113448275862068,1.0,1.4496478873239438,0.4105263157894737,49.16819444444443,17.731818181818184,0.4148936170212766,1.0,0.87,8.08,0
345,10.0,0.05,0.1,1.2,20.7088,0.0,0.0,4.233898305084746,0.0,520.0,0.0,0.4129032258064516,0.0,0.2,20.0,11.0,1.0,0.002,1.0,1.7,0.4105263157894737,5.5,2.1,0.4148936170212766,1.0,1.0,7.3,0
515,16.932116504854367,0.1397524429967422,0.3218189655172416,68.04684684684685,20.7088,0.0,0.0,4.233898305084746,0.0,425.0,0.4293478260869565,0.4129032258064516,0.0,0.7082352941176469,20.0,10.0,2.6025,0.0113448275862068,1.0,1.4496478873239438,0.4105263157894737,49.16819444444443,17.731818181818184,0.4148936170212766,1.0,1.0,7.5,0
838,16.932116504854367,0.1397524429967422,0.896,68.04684684684685,20.7088,0.0,17.0,4.233898305084746,3.0,553.7009302325581,0.4293478260869565,0.4129032258064516,0.0,0.95,31.0,61.266284584980255,2.6025,0.0113448275862068,1.6276276276276276,1.4496478873239438,1.0,49.16819444444443,17.731818181818184,1.0,1.5967213114754095,0.5,7.49,0
2302,16.932116504854367,0.1397524429967422,0.3218189655172416,68.04684684684685,71.4,1.3819875776397517,53.0,4.233898305084746,3.4260752688172045,553.7009302325581,0.0,0.0,0.062111801242236,0.7082352941176469,136.87798387096777,61.266284584980255,2.6025,0.0113448275862068,1.6276276276276276,1.4496478873239438,0.4105263157894737,49.16819444444443,17.731818181818184,0.4148936170212766,1.5967213114754095,1.4040811455847253,7.58685185185185,1
635,0.002,0.092,0.817,21.5,20.7088,0.0,73.0,4.233898305084746,15.0,569.0,0.0,0.4129032258064516,0.0,0.76,0.01,30.0,0.01,0.01,1.0,0.5,0.4105263157894737,121.3,6.9,0.4148936170212766,1.0,0.89,8.1,0
459,16.932116504854367,0.05,0.3218189655172416,68.04684684684685,20.7088,0.0,14.0,4.233898305084746,0.0,528.0,0.4293478260869565,0.4129032258064516,0.0,0.7082352941176469,20.0,10.0,2.6025,0.0113448275862068,1.0,1.4496478873239438,0.4105263157894737,49.16819444444443,17.731818181818184,0.4148936170212766,1.0,1.0,7.4,0
755,16.932116504854367,0.05,0.3218189655172416,68.04684684684685,20.7088,0.0,0.0,5.0,3.4260752688172045,542.0,0.4293478260869565,0.4129032258064516,0.0,0.7082352941176469,31.0,61.266284584980255,2.6025,0.0113448275862068,1.6276276276276276,1.4496478873239438,0.0,49.16819444444443,17.731818181818184,0.0,1.5967213114754095,0.3,7.5,0
1369,16.932116504854367,0.05,0.3218189655172416,2.5,20.7088,0.0,0.0,4.233898305084746,0.0,479.0,0.0,0.4129032258064516,0.0,0.7082352941176469,124.0,13.0,2.6025,0.0113448275862068,1.0,1.7,0.4105263157894737,114.0,1.8,0.4148936170212766,1.5967213114754095,1.0,7.6,0
994,16.932116504854367,0.044,0.3218189655172416,68.04684684684685,0.0,1.3819875776397517,39.82432432432432,4.233898305084746,8.0,743.0,0.4293478260869565,0.0,0.062111801242236,0.7082352941176469,10.0,61.266284584980255,2.6025,0.0113448275862068,1.6276276276276276,1.4496478873239438,0.4105263157894737,49.16819444444443,17.731818181818184,0.4148936170212766,1.5967213114754095,0.5,7.3,0
1273,16.932116504854367,0.1397524429967422,0.3218189655172416,68.04684684684685,20.7088,0.0,31.0,6.3,3.4260752688172045,482.0,0.4293478260869565,0.4129032258064516,0.0,0.7082352941176469,34.0,20.0,2.6025,0.0113448275862068,1.6276276276276276,1.4496478873239438,0.0,49.16819444444443,17.731818181818184,0.0,1.5967213114754095,0.3,7.8,0
1184,16.932116504854367,0.1397524429967422,0.3218189655172416,68.04684684684685,0.0,1.3819875776397517,252.0,4.233898305084746,2.0,334.0,0.4293478260869565,0.0,0.062111801242236,0.7082352941176469,47.0,61.266284584980255,2.6025,0.0113448275862068,1.0,1.4496478873239438,0.4105263157894737,49.16819444444443,17.731818181818184,0.4148936170212766,1.0,1.0,7.6,0
254,16.932116504854367,0.1397524429967422,0.3218189655172416,68.04684684684685,20.7088,0.0,0.0,4.233898305084746,0.0,426.0,0.4293478260869565,0.4129032258064516,0.0,0.7082352941176469,88.0,77.0,2.6025,0.0113448275862068,1.0,1.4496478873239438,0.4105263157894737,49.16819444444443,17.731818181818184,0.4148936170212766,1.0,1.0,7.5,1
287,20.0,0.05,0.3,3.8,20.7088,0.0,0.0,4.233898305084746,0.0,129.0,0.0,0.4129032258064516,0.0,0.6,20.0,10.0,1.0,0.002,1.0,1.0,0.4105263157894737,35.0,2.9,0.4148936170212766,1.0,1.0,8.6,0
1137,16.932116504854367,0.08,0.017,68.04684684684685,20.7088,0.0,39.82432432432432,4.233898305084746,6.9,627.0,0.0,0.4129032258064516,0.0,0.7082352941176469,136.87798387096777,61.266284584980255,2.6025,0.0113448275862068,1.0,0.3,0.4105263157894737,49.16819444444443,28.2,0.4148936170212766,1.0,1.57,7.25,0
939,16.932116504854367,0.08,0.3218189655172416,68.04684684684685,20.7088,0.0,39.82432432432432,4.233898305084746,10.4,562.0,0.0,0.4129032258064516,0.0,0.7082352941176469,136.87798387096777,61.266284584980255,2.6025,0.0113448275862068,1.0,0.77,0.4105263157894737,49.16819444444443,17.731818181818184,0.4148936170212766,1.5967213114754095,0.5,7.83,0
686,2.7,0.05,0.509,39.0,20.7088,0.0,30.0,4.233898305084746,3.0,523.0,0.4293478260869565,0.4129032258064516,0.0,1.23,92.0,5.6,0.2,0.003,1.6276276276276276,0.83,1.0,44.8,7.0,1.0,1.5967213114754095,0.5,7.71,0
1077,16.932116504854367,0.05,0.3218189655172416,68.04684684684685,20.7088,0.0,39.82432432432432,5.0,3.4260752688172045,369.0,0.0,0.4129032258064516,0.0,0.7082352941176469,38.0,0.5,2.6025,0.0113448275862068,1.6276276276276276,1.4496478873239438,0.0,49.16819444444443,17.731818181818184,0.0,1.5967213114754095,1.4040811455847253,7.83,0
2200,16.932116504854367,0.06,0.1,17.0,20.7088,0.0,0.0,4.233898305084746,0.0,719.0,5.0,0.4129032258064516,0.0,0.7082352941176469,59.0,10.0,1.0,0.002,1.0,1.2,0.4105263157894737,157.0,28.0,0.4148936170212766,1.5967213114754095,1.0,7.6,1
1110,5.0,0.21,0.085,170.0,0.0,1.3819875776397517,24.0,4.233898305084746,3.0,742.0,0.0,0.0,0.062111801242236,1.0,72.0,33.0,4.4,0.023,2.0,1.6,0.4105263157894737,61.3,19.0,0.4148936170212766,1.0,1.0,8.1,0
525,16.932116504854367,0.14,0.3218189655172416,68.04684684684685,20.7088,0.0,39.82432432432432,2.8,3.4260752688172045,520.0,0.4293478260869565,0.4129032258064516,0.0,0.7082352941176469,49.0,61.266284584980255,2.6025,0.0113448275862068,1.6276276276276276,1.4496478873239438,0.0,49.16819444444443,17.731818181818184,0.0,1.5967213114754095,0.2,7.7,0
1052,16.932116504854367,0.1397524429967422,0.3218189655172416,68.04684684684685,0.0,1.3819875776397517,24.0,4.233898305084746,3.0,551.0,0.4293478260869565,0.0,0.062111801242236,0.7082352941176469,30.0,5.0,2.6025,0.0113448275862068,1.0,1.4496478873239438,0.4105263157894737,49.16819444444443,17.731818181818184,0.4148936170212766,1.0,1.0,7.7,0
429,16.932116504854367,0.08,0.3218189655172416,68.04684684684685,20.7088,0.0,300.0,4.233898305084746,10.0,990.0,0.0,0.4129032258064516,0.0,0.7082352941176469,72.9,61.266284584980255,2.6025,0.004,5.0,1.0,1.0,49.16819444444443,17.731818181818184,1.0,4.0,2.24,8.3,0
832,16.932116504854367,0.22,0.3218189655172416,194.0,0.0,1.3819875776397517,4.0,4.233898305084746,2.0,835.0,0.4293478260869565,0.0,0.062111801242236,0.7082352941176469,18.0,5.0,2.6025,0.0113448275862068,2.0,1.4496478873239438,0.4105263157894737,49.16819444444443,17.731818181818184,0.4148936170212766,2.0,1.0,8.2,0
565,16.932116504854367,0.1397524429967422,0.3218189655172416,68.04684684684685,20.7088,0.0,4.0,4.233898305084746,0.0,346.0,0.4293478260869565,0.4129032258064516,0.0,0.7082352941176469,20.0,10.0,2.6025,0.0113448275862068,1.0,1.4496478873239438,0.4105263157894737,49.16819444444443,17.731818181818184,0.4148936170212766,1.0,1.0,7.8,0
435,16.932116504854367,0.1397524429967422,0.3218189655172416,68.04684684684685,20.7088,0.0,3.0,5.4,3.4260752688172045,473.0,0.4293478260869565,0.4129032258064516,0.0,0.7082352941176469,24.0,61.266284584980255,2.6025,0.0113448275862068,1.6276276276276276,1.4496478873239438,0.0,49.16819444444443,17.731818181818184,0.0,1.5967213114754095,0.3,7.9,0
1138,16.932116504854367,0.11,0.728,68.04684684684685,20.7088,0.0,39.82432432432432,4.233898305084746,7.3,469.0,0.4293478260869565,0.4129032258064516,0.0,0.7082352941176469,136.87798387096777,61.266284584980255,2.6025,0.0113448275862068,1.0,1.4496478873239438,0.4105263157894737,49.16819444444443,2.8,0.4148936170212766,1.0,1.0,7.97,0
1808,5.0,0.08,0.015,68.04684684684685,20.7088,0.0,39.82432432432432,4.233898305084746,8.1,593.0,0.4293478260869565,0.4129032258064516,0.0,0.7082352941176469,136.87798387096777,61.266284584980255,2.6025,0.0113448275862068,1.0,1.4496478873239438,0.4105263157894737,2.8,17.731818181818184,0.4148936170212766,1.0,1.73,7.37,0
574,16.932116504854367,0.1397524429967422,0.3218189655172416,68.04684684684685,20.7088,0.0,166.0,4.233898305084746,0.0,461.0,0.4293478260869565,0.4129032258064516,0.0,0.7082352941176469,20.0,33.0,2.6025,0.0113448275862068,1.0,1.4496478873239438,0.4105263157894737,49.16819444444443,17.731818181818184,0.4148936170212766,1.0,1.0,7.7,0
970,20.0,0.21,0.1,150.0,20.7088,0.0,2.0,4.233898305084746,5.0,730.0,0.0,0.4129032258064516,0.0,0.79,24.0,61.0,0.1,0.016,1.6276276276276276,1.4496478873239438,0.4105263157894737,51.0,22.0,0.4148936170212766,1.5967213114754095,0.5,8.0,1
871,4.2,0.08,0.154,208.0,0.0,0.0,33.0,5.0,8.3,970.0,0.0,0.0,0.0,0.59,339.0,2.0,0.45,0.01,1.0,1.34,0.0,93.6,3.0,0.0,1.0,1.0,8.15,1
623,10.0,0.23,0.1,2.5,20.7088,0.0,0.0,4.233898305084746,0.0,336.0,0.0,0.4129032258064516,0.0,1.1,177.0,10.0,1.0,0.002,1.0,1.1,0.4105263157894737,12.0,5.6,0.4148936170212766,1.5967213114754095,1.0,7.3,0
281,16.932116504854367,0.14,0.3218189655172416,68.04684684684685,20.7088,0.0,1.0,9.8,3.4260752688172045,502.0,0.4293478260869565,0.4129032258064516,0.0,0.7082352941176469,20.0,61.266284584980255,2.6025,0.0113448275862068,1.6276276276276276,1.4496478873239438,0.0,49.16819444444443,17.731818181818184,0.0,1.5967213114754095,0.4,7.7,0
433,16.932116504854367,0.05,0.3218189655172416,68.04684684684685,20.7088,0.0,0.0,4.233898305084746,0.0,357.0,0.4293478260869565,0.4129032258064516,0.0,0.7082352941176469,48.0,61.266284584980255,2.6025,0.0113448275862068,1.0,1.4496478873239438,0.4105263157894737,49.16819444444443,17.731818181818184,0.4148936170212766,1.0,1.2,8.1,0
170,16.932116504854367,0.25,0.3218189655172416,29.0,20.7088,0.0,17.0,4.233898305084746,8.8,631.0,0.4293478260869565,0.4129032258064516,0.0,0.7082352941176469,136.87798387096777,61.266284584980255,2.6025,0.0113448275862068,5.0,0.64,0.4105263157894737,49.16819444444443,20.3,0.4148936170212766,5.0,0.62,7.74,0
225,16.932116504854367,0.05,0.3218189655172416,68.04684684684685,20.7088,0.0,43.0,4.233898305084746,3.4260752688172045,379.0,0.0,0.4129032258064516,0.0,0.7082352941176469,20.0,10.0,2.6025,0.0113448275862068,1.6276276276276276,2.0,0.4105263157894737,115.0,1.0,0.4148936170212766,1.5967213114754095,1.4040811455847253,7.7,0
971,754.0,0.08,0.018,17.7,20.7088,0.0,4.0,4.233898305084746,9.3,787.0,0.0,0.4129032258064516,0.0,0.33,40.0,30.0,18.0,0.004,1.0,0.3,0.4105263157894737,7.0,27.5,0.4148936170212766,1.0,0.73,7.57,1
1919,14.1,0.2,0.183,68.04684684684685,20.7088,0.0,39.82432432432432,4.233898305084746,11.1,424.0,0.4293478260869565,0.4129032258064516,0.0,0.7082352941176469,136.87798387096777,61.266284584980255,2.6025,0.0113448275862068,1.0,1.4496478873239438,0.4105263157894737,28.0,17.731818181818184,0.4148936170212766,1.0,1.14,7.67,0
875,5.0,0.16,0.524,27.0,0.0,1.3819875776397517,125.0,4.233898305084746,2.0,520.0,0.0,0.0,0.062111801242236,0.9,95.0,9.2,0.45,0.01,2.0,0.72,0.4105263157894737,35.4,16.0,0.4148936170212766,2.0,1.7,7.5,0
207,16.932116504854367,0.24,0.3218189655172416,68.04684684684685,20.7088,0.0,66.0,4.233898305084746,0.0,464.0,0.0,0.4129032258064516,0.0,0.7082352941176469,20.0,300.0,2.6025,0.0113448275862068,1.0,1.5,0.4105263157894737,4.7,1.0,0.4148936170212766,1.0,1.0,7.5,1
715,16.932116504854367,0.1397524429967422,0.3218189655172416,68.04684684684685,0.0,1.3819875776397517,14.0,4.233898305084746,4.0,624.0,0.0,0.0,0.062111801242236,0.7082352941176469,15.0,61.266284584980255,2.6025,0.0113448275862068,2.0,1.4496478873239438,0.4105263157894737,49.16819444444443,17.731818181818184,0.4148936170212766,2.0,1.0,7.1,0
516,10.0,0.05,0.1,14.0,20.7088,0.0,0.0,4.233898305084746,0.0,352.0,0.0,0.4129032258064516,0.0,0.2,20.0,82.0,1.6,0.002,1.0,1.3,0.4105263157894737,6.0,21.0,0.4148936170212766,1.0,1.0,7.5,1
579,16.932116504854367,0.1397524429967422,0.3218189655172416,68.04684684684685,20.7088,0.0,11.0,4.233898305084746,0.0,491.0,0.4293478260869565,0.4129032258064516,0.0,0.7082352941176469,20.0,10.0,2.6025,0.0113448275862068,1.0,1.4496478873239438,0.4105263157894737,49.16819444444443,17.731818181818184,0.4148936170212766,1.0,1.0,7.5,0
313,16.932116504854367,0.05,0.3218189655172416,68.04684684684685,20.7088,0.0,8.0,4.233898305084746,0.0,384.0,0.4293478260869565,0.4129032258064516,0.0,0.7082352941176469,49.0,61.266284584980255,2.6025,0.0113448275862068,1.0,1.4496478873239438,0.4105263157894737,49.16819444444443,17.731818181818184,0.4148936170212766,1.0,1.0,7.5,0
646,1.0,0.05,0.174,22.0,20.7088,0.0,40.0,4.233898305084746,3.0,716.0,0.4293478260869565,0.4129032258064516,0.0,0.53,64.0,0.67,2.1,0.003,1.6276276276276276,0.73,1.0,18.9,23.0,1.0,1.5967213114754095,0.5,7.6,0
462,16.932116504854367,0.05,0.3218189655172416,68.04684684684685,20.7088,0.0,24.0,4.0,3.4260752688172045,577.0,0.4293478260869565,0.4129032258064516,0.0,0.7082352941176469,42.0,61.266284584980255,2.6025,0.0113448275862068,1.6276276276276276,1.4496478873239438,0.0,49.16819444444443,17.731818181818184,0.0,1.5967213114754095,0.2,7.6,0
172,5.0,0.18,0.544,104.0,20.7088,0.0,70.0,4.233898305084746,17.0,953.0,0.0,0.4129032258064516,0.0,1.06,200.0,22.0,0.2,0.003,1.6276276276276276,4.1,1.0,108.0,22.0,1.0,1.5967213114754095,2.1,8.05,0
769,16.932116504854367,0.05,0.3218189655172416,68.04684684684685,20.7088,100.0,300.0,4.233898305084746,0.0,464.0,0.0,0.4129032258064516,0.0,0.7082352941176469,27.0,10.0,2.6025,0.0113448275862068,1.0,1.5,0.4105263157894737,4.0,14.0,0.4148936170212766,1.0,1.0,7.6,1
382,10.0,0.12,0.2,2.5,20.7088,0.0,0.0,4.233898305084746,0.0,376.0,0.0,0.4129032258064516,0.0,1.1,105.0,11.0,1.0,0.02,1.0,1.3,0.4105263157894737,34.0,8.5,0.4148936170212766,1.0,1.8,7.5,0
339,16.932116504854367,0.05,0.3218189655172416,68.04684684684685,20.7088,0.0,8.0,4.233898305084746,3.0,561.0,0.0,0.4129032258064516,0.0,0.7082352941176469,56.0,5.0,2.6025,0.0113448275862068,1.0,1.2,0.4105263157894737,52.4,20.0,0.4148936170212766,1.5967213114754095,1.0,7.6,0
772,16.932116504854367,0.1397524429967422,0.3218189655172416,68.04684684684685,20.7088,0.0,0.0,4.233898305084746,0.0,274.0,0.4293478260869565,0.4129032258064516,0.0,0.7082352941176469,20.0,10.0,2.6025,0.0113448275862068,1.0,1.4496478873239438,0.4105263157894737,49.16819444444443,17.731818181818184,0.4148936170212766,1.0,1.0,7.9,0
566,16.932116504854367,0.1397524429967422,0.3218189655172416,68.04684684684685,20.7088,0.0,4.0,4.233898305084746,0.0,395.0,0.4293478260869565,0.4129032258064516,0.0,0.7082352941176469,20.0,10.0,2.6025,0.0113448275862068,1.0,1.4496478873239438,0.4105263157894737,49.16819444444443,17.731818181818184,0.4148936170212766,1.0,1.0,7.7,0
1507,16.932116504854367,0.05,0.3218189655172416,68.04684684684685,20.7088,1.3819875776397517,39.82432432432432,4.233898305084746,0.0,603.0,0.4293478260869565,0.4129032258064516,0.062111801242236,0.7082352941176469,20.0,10.0,2.6025,0.0113448275862068,1.0,1.4496478873239438,0.4105263157894737,49.16819444444443,17.731818181818184,0.4148936170212766,1.0,1.0,7.2,0
1303,16.932116504854367,0.1397524429967422,0.3218189655172416,68.04684684684685,0.0,1.3819875776397517,11.0,4.233898305084746,2.0,523.0,0.4293478260869565,0.0,0.062111801242236,0.7082352941176469,45.0,5.0,2.6025,0.0113448275862068,2.0,1.4496478873239438,0.4105263157894737,49.16819444444443,17.731818181818184,0.4148936170212766,2.0,1.3,7.7,0
901,16.932116504854367,0.1397524429967422,0.3218189655172416,68.04684684684685,0.0,1.3819875776397517,4.0,4.233898305084746,4.0,587.0,0.4293478260869565,0.0,0.062111801242236,0.7082352941176469,13.0,5.0,2.6025,0.0113448275862068,2.0,1.4496478873239438,0.4105263157894737,49.16819444444443,17.731818181818184,0.4148936170212766,2.0,3.2,7.3,0
825,16.932116504854367,0.19,0.3218189655172416,68.04684684684685,0.0,1.3819875776397517,7.0,4.233898305084746,2.0,723.0,0.4293478260869565,0.0,0.062111801242236,0.7082352941176469,18.0,26.0,2.6025,0.0113448275862068,1.0,1.4496478873239438,0.4105263157894737,49.16819444444443,17.731818181818184,0.4148936170212766,1.0,1.0,7.7,0
1321,16.932116504854367,0.1397524429967422,0.3218189655172416,68.04684684684685,0.0,1.3819875776397517,4.0,4.233898305084746,5.0,698.0,0.4293478260869565,0.0,0.062111801242236,0.7082352941176469,59.0,61.266284584980255,2.6025,0.0113448275862068,1.0,1.4496478873239438,0.4105263157894737,49.16819444444443,17.731818181818184,0.4148936170212766,1.0,1.0,7.6,0
1192,16.932116504854367,0.1397524429967422,0.3218189655172416,68.04684684684685,0.0,1.3819875776397517,177.0,4.233898305084746,5.0,554.0,0.4293478260869565,0.0,0.062111801242236,0.7082352941176469,60.0,61.266284584980255,2.6025,0.0113448275862068,2.0,1.4496478873239438,0.4105263157894737,49.16819444444443,17.731818181818184,0.4148936170212766,2.0,1.0,7.5,0
420,16.932116504854367,0.1397524429967422,0.3218189655172416,68.04684684684685,20.7088,0.0,0.0,4.233898305084746,0.0,541.0,0.4293478260869565,0.4129032258064516,0.0,0.7082352941176469,136.87798387096777,61.266284584980255,2.6025,0.0113448275862068,1.0,1.4496478873239438,0.4105263157894737,49.16819444444443,17.731818181818184,0.4148936170212766,1.0,1.0,7.1,0
709,16.932116504854367,0.05,0.856,68.04684684684685,20.7088,0.0,4.0,4.233898305084746,3.0,439.0,0.4293478260869565,0.4129032258064516,0.0,0.8,20.0,61.266284584980255,2.6025,0.003,1.6276276276276276,1.4496478873239438,1.0,49.16819444444443,17.731818181818184,1.0,1.5967213114754095,0.5,7.33,0
1906,5.0,0.35,0.414,132.0,0.0,1.3819875776397517,132.0,4.233898305084746,8.0,964.0,0.0,0.0,0.062111801242236,1.0,56.0,6.5,0.63,0.01,2.0,4.3,0.4105263157894737,117.8,3.0,0.4148936170212766,1.5967213114754095,1.0,7.5,0
331,10.0,0.05,0.1,1.9,20.7088,0.0,0.0,4.233898305084746,0.0,553.0,0.0,0.4129032258064516,0.0,0.1,51.0,10.0,1.0,0.002,1.0,1.7,0.4105263157894737,3.4,2.1,0.4148936170212766,1.0,1.0,7.2,0
989,5.0,0.21,0.002,128.0,1.0,1.3819875776397517,23.0,4.233898305084746,4.0,717.0,0.0,0.0,0.062111801242236,0.38,23.0,63.0,0.86,0.01,2.0,0.8,0.4105263157894737,55.2,5.0,0.4148936170212766,2.0,1.0,7.6,1
936,16.932116504854367,0.11,0.3218189655172416,68.04684684684685,20.7088,0.0,28.0,4.233898305084746,7.5,749.0,0.4293478260869565,0.4129032258064516,0.0,0.7082352941176469,136.87798387096777,61.266284584980255,2.6025,0.004,2.0,1.4496478873239438,0.4105263157894737,49.16819444444443,17.731818181818184,0.4148936170212766,2.0,0.54,7.97,0
783,16.932116504854367,0.1397524429967422,0.3218189655172416,68.04684684684685,20.7088,0.0,0.0,4.233898305084746,0.0,434.0,0.4293478260869565,0.4129032258064516,0.0,0.7082352941176469,136.87798387096777,61.266284584980255,2.6025,0.0113448275862068,1.0,1.4496478873239438,0.4105263157894737,49.16819444444443,17.731818181818184,0.4148936170212766,1.0,1.0,7.6,0
830,16.932116504854367,0.36,0.3218189655172416,68.04684684684685,0.0,1.3819875776397517,0.0,4.233898305084746,3.0,615.0,0.4293478260869565,0.0,0.062111801242236,0.7082352941176469,130.0,41.0,2.6025,0.0113448275862068,1.0,1.4496478873239438,0.4105263157894737,49.16819444444443,17.731818181818184,0.4148936170212766,1.0,1.0,7.6,0
803,16.932116504854367,0.1397524429967422,0.3218189655172416,68.04684684684685,20.7088,0.0,16.0,4.233898305084746,0.0,494.0,0.4293478260869565,0.4129032258064516,0.0,0.7082352941176469,20.0,61.266284584980255,2.6025,0.0113448275862068,1.0,1.4496478873239438,0.4105263157894737,49.16819444444443,17.731818181818184,0.4148936170212766,1.0,1.0,7.0,0
1081,16.932116504854367,0.1397524429967422,0.3218189655172416,68.04684684684685,0.0,1.3819875776397517,8.0,4.233898305084746,20.0,503.0,0.4293478260869565,0.0,0.062111801242236,0.7082352941176469,2300.0,61.266284584980255,2.6025,0.0113448275862068,4.0,1.4496478873239438,0.4105263157894737,49.16819444444443,17.731818181818184,0.4148936170212766,4.0,11.0,7.6,1
458,16.932116504854367,0.05,0.3218189655172416,68.04684684684685,20.7088,0.0,39.82432432432432,3.0,3.4260752688172045,422.0,0.4293478260869565,0.4129032258064516,0.0,0.7082352941176469,389.0,61.266284584980255,2.6025,0.0113448275862068,1.6276276276276276,1.4496478873239438,0.0,49.16819444444443,17.731818181818184,0.0,1.5967213114754095,0.8,8.2,1
725,16.932116504854367,0.05,0.3218189655172416,13.0,0.0,1.3819875776397517,10.0,4.233898305084746,4.0,595.0,0.0,0.0,0.062111801242236,1.4,31.0,5.0,0.52,0.01,2.0,0.96,0.4105263157894737,13.8,32.0,0.4148936170212766,2.0,1.0,7.5,0
487,10.102527659574466,0.05,0.4970833333333336,66.51491228070174,1.3072,0.0,38.01291989664082,1.9,3.945118733509234,473.0,0.0173410404624277,0.0161290322580645,0.0,0.7654225352112677,20.0,42.57557251908397,2.58867543859649,0.0174319999999999,1.6765578635014835,1.822714285714284,0.0,56.46488549618321,16.347121212121213,0.0,1.6503267973856208,0.2,7.6,0
1555,10.102527659574466,0.05,0.4970833333333336,66.51491228070174,1.3072,0.0,0.0,4.050793650793651,0.0,483.0,0.0173410404624277,0.0161290322580645,0.0,0.7654225352112677,20.0,42.57557251908397,2.58867543859649,0.0174319999999999,1.0,1.822714285714284,0.490566037735849,56.46488549618321,16.347121212121213,0.5242718446601942,1.0,1.0,7.1,0
205,10.0,0.24,0.1,66.51491228070174,1.3072,0.0,0.0,4.050793650793651,0.0,359.0,0.0,0.0161290322580645,0.0,0.1,21.0,10.0,2.58867543859649,0.0174319999999999,1.0,1.822714285714284,0.490566037735849,56.46488549618321,16.347121212121213,0.5242718446601942,1.0,1.0,7.7,0
1228,10.102527659574466,0.05,0.932,66.51491228070174,1.3072,0.0,2.0,4.050793650793651,4.0,920.0,0.0173410404624277,0.0161290322580645,0.0,1.5,10.0,42.57557251908397,2.58867543859649,0.003,1.6765578635014835,1.822714285714284,1.0,56.46488549618321,16.347121212121213,1.0,1.6503267973856208,0.5,7.58,0
470,10.102527659574466,0.05,0.4970833333333336,66.51491228070174,1.3072,2.0,31.0,5.0,3.945118733509234,579.0,0.0173410404624277,0.0161290322580645,0.0,0.7654225352112677,3500.0,42.57557251908397,2.58867543859649,0.0174319999999999,1.6765578635014835,1.822714285714284,0.0,56.46488549618321,16.347121212121213,0.0,1.6503267973856208,44.0,8.0,1
614,10.102527659574466,0.13,0.4970833333333336,66.51491228070174,1.3072,0.0,300.0,4.050793650793651,3.0,505.0,0.0173410404624277,0.0161290322580645,0.0,1.36,110.0,42.57557251908397,2.58867543859649,0.0174319999999999,1.6765578635014835,1.822714285714284,1.0,56.46488549618321,16.347121212121213,1.0,1.6503267973856208,0.5,8.45,0
1420,10.102527659574466,0.132351724137931,0.4970833333333336,66.51491228070174,0.0,0.43125,15.0,4.050793650793651,4.0,213.0,0.0173410404624277,0.0,0.0,0.7654225352112677,53.0,5.0,2.58867543859649,0.0174319999999999,2.0,1.822714285714284,0.490566037735849,56.46488549618321,16.347121212121213,0.5242718446601942,2.0,1.0,8.0,0
188,10.102527659574466,0.132351724137931,0.4970833333333336,66.51491228070174,1.3072,0.0,74.0,4.050793650793651,3.945118733509234,987.0,0.0173410404624277,0.0161290322580645,0.0,0.7654225352112677,280.0,42.57557251908397,2.58867543859649,0.0174319999999999,1.6765578635014835,1.822714285714284,0.0,56.46488549618321,16.347121212121213,0.0,1.6503267973856208,0.5,7.4,1
1286,50.0,0.23,0.091,6.5,0.0,0.43125,0.0,4.050793650793651,4.2,638.0,0.0,0.0,0.0,0.52,150.0,36.0,0.04,0.003,1.6765578635014835,1.8,0.490566037735849,15.0,1.1,0.5242718446601942,1.6503267973856208,0.5,7.7,0
736,10.102527659574466,0.132351724137931,0.4970833333333336,66.51491228070174,1.3072,0.0,26.0,4.050793650793651,11.0,822.0,0.0173410404624277,0.0161290322580645,0.0,1.07,68.0,42.57557251908397,2.58867543859649,0.0174319999999999,1.6765578635014835,1.822714285714284,1.0,56.46488549618321,16.347121212121213,1.0,1.6503267973856208,0.5,7.26,0
495,10.102527659574466,0.05,0.4970833333333336,66.51491228070174,1.3072,0.0,0.0,2.6,3.945118733509234,414.0,0.0173410404624277,0.0161290322580645,0.0,0.7654225352112677,20.0,42.57557251908397,2.58867543859649,0.0174319999999999,1.6765578635014835,1.822714285714284,0.0,56.46488549618321,16.347121212121213,0.0,1.6503267973856208,0.2,7.6,0
1417,10.102527659574466,0.132351724137931,0.4970833333333336,66.51491228070174,0.0,0.0,37.0,4.050793650793651,3.0,365.0,0.0,0.0,0.0,0.7654225352112677,50.0,13.0,2.58867543859649,0.0174319999999999,2.0,1.822714285714284,0.490566037735849,56.46488549618321,16.347121212121213,0.5242718446601942,2.0,1.0,8.1,0
169,5.0,0.23,7.7,10.0,1.3072,0.0,12.0,5.2,3.945118733509234,550.0,0.0,0.0161290322580645,0.0,1.09,45.0,20.0,0.65,0.005,1.6765578635014835,0.96,0.0,26.0,13.0,0.0,1.6503267973856208,0.4,8.2,1
1526,10.102527659574466,0.06,0.4970833333333336,13.5,1.3072,0.0,38.01291989664082,5.0,3.945118733509234,566.0,0.0173410404624277,0.0161290322580645,0.0,0.61,228.0,9.5,3.56,0.068,1.6765578635014835,0.57,0.0,10.0,42.7,0.0,1.6503267973856208,1.3953286384976524,7.88,1
1938,10.102527659574466,0.132351724137931,0.4970833333333336,66.51491228070174,1.3072,0.0,0.0,4.050793650793651,0.0,268.0,0.0173410404624277,0.0161290322580645,0.0,0.7654225352112677,136.0,42.57557251908397,2.58867543859649,0.0174319999999999,1.0,1.822714285714284,0.490566037735849,56.46488549618321,16.347121212121213,0.5242718446601942,1.0,1.0,7.5,0
286,10.102527659574466,0.132351724137931,0.4970833333333336,66.51491228070174,1.3072,0.43125,38.01291989664082,4.050793650793651,0.0,323.0,0.0173410404624277,0.0161290322580645,0.0,1.1,117.89258333333332,42.57557251908397,2.58867543859649,0.0174319999999999,1.0,1.822714285714284,0.490566037735849,56.46488549618321,16.347121212121213,0.5242718446601942,1.0,1.0,7.5,0
990,5.0,0.132351724137931,0.274,46.0,0.0,0.43125,8.0,4.050793650793651,2.0,498.0,0.0,0.0,0.0,0.7,125.0,5.0,0.52,0.01,2.0,0.96,0.490566037735849,43.1,5.0,0.5242718446601942,2.0,1.0,7.9,0
823,5.0,0.13,0.25,16.0,1.0,0.43125,17.0,4.050793650793651,3.0,854.0,0.0,0.0,0.0,0.71,95.0,53.7,0.59,0.01,4.0,1.2,0.490566037735849,23.1,15.0,0.5242718446601942,4.0,1.1,7.8,1
866,10.102527659574466,0.132351724137931,0.4970833333333336,66.51491228070174,0.0,0.43125,0.0,4.050793650793651,4.0,665.0,0.0173410404624277,0.0,0.0,0.7654225352112677,23.0,42.57557251908397,2.58867543859649,0.0174319999999999,1.0,1.822714285714284,0.490566037735849,56.46488549618321,16.347121212121213,0.5242718446601942,1.0,1.0,7.4,0
1318,10.102527659574466,0.132351724137931,0.294,66.51491228070174,1.3072,0.0,6.0,4.050793650793651,7.0,464.0,0.0173410404624277,0.0161290322580645,0.0,1.16,54.0,42.57557251908397,2.58867543859649,0.0174319999999999,1.6765578635014835,1.822714285714284,1.0,56.46488549618321,16.347121212121213,1.0,1.6503267973856208,0.5,7.24,0
1441,10.102527659574466,0.132351724137931,0.4970833333333336,66.51491228070174,1.3072,0.0,24.0,4.050793650793651,3.0,630.0,0.0173410404624277,0.0161290322580645,0.0,0.7654225352112677,30.0,42.57557251908397,2.58867543859649,0.0174319999999999,1.6765578635014835,1.822714285714284,2.0,56.46488549618321,16.347121212121213,1.0,1.6503267973856208,0.5,7.73,0
774,10.102527659574466,0.132351724137931,0.4970833333333336,66.51491228070174,1.3072,0.0,6.0,4.050793650793651,0.0,316.0,0.0173410404624277,0.0161290322580645,0.0,0.7654225352112677,20.0,10.0,2.58867543859649,0.0174319999999999,1.0,1.822714285714284,0.490566037735849,56.46488549618321,16.347121212121213,0.5242718446601942,1.0,1.0,7.5,0
824,10.102527659574466,0.132351724137931,0.4970833333333336,66.51491228070174,3.0,0.43125,10.0,4.050793650793651,2.0,589.0,0.0173410404624277,0.0,0.0,0.7654225352112677,20.0,10.0,2.58867543859649,0.0174319999999999,1.0,1.822714285714284,0.490566037735849,56.46488549618321,16.347121212121213,0.5242718446601942,1.0,1.0,7.7,1
831,10.102527659574466,0.132351724137931,0.4970833333333336,66.51491228070174,0.0,0.43125,0.0,4.050793650793651,2.0,814.0,0.0173410404624277,0.0,0.0,0.7654225352112677,20.0,5.0,2.58867543859649,0.0174319999999999,1.0,1.822714285714284,0.490566037735849,56.46488549618321,16.347121212121213,0.5242718446601942,1.0,1.0,7.5,0
1008,10.102527659574466,0.132351724137931,0.4970833333333336,66.51491228070174,1.0,0.43125,14.0,4.050793650793651,2.0,565.0,0.0173410404624277,0.0,0.0,0.7654225352112677,76.0,15.0,2.58867543859649,0.0174319999999999,2.0,1.822714285714284,0.490566037735849,56.46488549618321,16.347121212121213,0.5242718446601942,2.0,1.0,8.0,1
615,20.0,0.041,0.26,15.0,0.0,0.43125,0.0,4.050793650793651,6.1,571.0,0.0,0.0,0.0,1.4,41.0,4.8,0.83,0.003,1.6765578635014835,1.0,0.490566037735849,39.0,2.7,0.5242718446601942,1.6503267973856208,0.63,7.6,0
1091,10.102527659574466,0.08,0.4970833333333336,66.51491228070174,0.0,0.43125,490.0,4.050793650793651,2.0,610.0,0.0,0.0,0.0,0.7654225352112677,17.0,11.0,2.58867543859649,0.02,16.0,0.88,0.490566037735849,62.4,3.0,0.5242718446601942,16.0,2.0,8.1,0
548,10.102527659574466,0.03,0.4970833333333336,66.51491228070174,1.3072,0.0,38.01291989664082,5.0,3.945118733509234,451.0,0.0173410404624277,0.0161290322580645,0.0,0.7654225352112677,45.0,42.57557251908397,2.58867543859649,0.0174319999999999,1.6765578635014835,1.822714285714284,0.0,56.46488549618321,16.347121212121213,0.0,1.6503267973856208,0.3,7.4,0
713,10.102527659574466,0.132351724137931,0.4970833333333336,66.51491228070174,1.3072,0.0,19.0,4.050793650793651,3.0,189.0,0.0173410404624277,0.0161290322580645,0.0,1.03,117.89258333333332,42.57557251908397,2.58867543859649,0.0174319999999999,1.6765578635014835,1.822714285714284,1.0,56.46488549618321,16.347121212121213,2.0,1.6503267973856208,0.5,7.71,0
1017,10.102527659574466,0.132351724137931,0.4970833333333336,66.51491228070174,0.0,0.43125,44.0,4.050793650793651,8.0,761.0,0.0173410404624277,0.0,0.0,0.7654225352112677,395.0,42.57557251908397,2.58867543859649,0.0174319999999999,2.0,1.822714285714284,0.490566037735849,56.46488549618321,16.347121212121213,0.5242718446601942,2.0,3.7,7.5,1
513,10.102527659574466,0.132351724137931,0.4970833333333336,66.51491228070174,1.3072,0.0,0.0,4.050793650793651,0.0,299.0,0.0173410404624277,0.0161290322580645,0.0,0.7654225352112677,20.0,10.0,2.58867543859649,0.0174319999999999,1.0,1.822714285714284,0.490566037735849,56.46488549618321,16.347121212121213,0.5242718446601942,1.0,1.0,7.3,0
491,10.102527659574466,0.24,0.4970833333333336,66.51491228070174,1.3072,0.0,38.01291989664082,4.050793650793651,12.3,440.0,0.0173410404624277,0.0161290322580645,0.0,0.7654225352112677,81.2,30.0,2.58867543859649,0.0174319999999999,2.0,1.822714285714284,0.490566037735849,56.46488549618321,16.347121212121213,0.5242718446601942,2.0,0.5,7.46,0
1277,10.102527659574466,0.05,0.4970833333333336,66.51491228070174,0.0,0.43125,38.01291989664082,4.050793650793651,2.0,594.0,0.0173410404624277,0.0,0.0,0.7654225352112677,20.0,5.0,2.58867543859649,0.0174319999999999,2.0,1.822714285714284,0.490566037735849,56.46488549618321,16.347121212121213,0.5242718446601942,2.0,1.0,7.9,0
1028,10.102527659574466,0.35,0.4970833333333336,5.0,0.0,0.43125,19.0,4.050793650793651,2.1,287.0,0.0,0.0,0.0,0.7654225352112677,25.0,11.0,2.58867543859649,0.0174319999999999,2.0,1.3,0.490566037735849,6.4,16.347121212121213,0.5242718446601942,2.0,1.0,8.0,0
542,10.102527659574466,0.132351724137931,0.4970833333333336,66.51491228070174,1.3072,0.0,0.0,5.0,3.945118733509234,872.0,0.0173410404624277,0.0161290322580645,0.0,0.7654225352112677,10.0,42.57557251908397,2.58867543859649,0.0174319999999999,1.6765578635014835,1.822714285714284,0.0,56.46488549618321,16.347121212121213,0.0,1.6503267973856208,0.3,7.5,0
1027,10.102527659574466,0.14,0.4970833333333336,243.0,1.3072,0.43125,38.01291989664082,4.050793650793651,8.2,1197.0,0.0173410404624277,0.0161290322580645,0.0,0.7654225352112677,46.0,13.0,2.58867543859649,0.0174319999999999,2.0,1.822714285714284,0.490566037735849,56.46488549618321,16.347121212121213,0.5242718446601942,2.0,1.0,8.0,0
2311,10.102527659574466,0.132351724137931,0.4970833333333336,66.51491228070174,0.0,0.43125,3.0,4.050793650793651,3.0,725.0,0.0173410404624277,0.0,0.0,0.7654225352112677,20.0,5.0,2.58867543859649,0.0174319999999999,2.0,1.822714285714284,0.490566037735849,56.46488549618321,16.347121212121213,0.5242718446601942,2.0,1.0,7.4,0
297,10.102527659574466,0.05,0.4970833333333336,66.51491228070174,1.3072,0.0,12.0,4.050793650793651,0.0,497.0,0.0173410404624277,0.0161290322580645,0.0,0.7654225352112677,20.0,10.0,2.58867543859649,0.0174319999999999,1.0,1.822714285714284,0.490566037735849,56.46488549618321,16.347121212121213,0.5242718446601942,1.0,1.0,7.4,0
1117,10.102527659574466,0.132351724137931,0.4970833333333336,66.51491228070174,0.0,0.43125,0.0,4.050793650793651,4.0,810.0,0.0173410404624277,0.0,0.0,0.7654225352112677,28.0,5.0,2.58867543859649,0.0174319999999999,4.0,1.822714285714284,0.490566037735849,56.46488549618321,16.347121212121213,0.5242718446601942,4.0,1.0,7.1,0
1409,10.102527659574466,0.132351724137931,0.4970833333333336,66.51491228070174,0.0,0.0,158.0,4.050793650793651,5.0,473.0,0.0173410404624277,0.0,0.0,0.7654225352112677,160.0,42.57557251908397,2.58867543859649,0.0174319999999999,2.0,1.822714285714284,0.0,56.46488549618321,16.347121212121213,0.0,2.0,1.3,7.9,0
355,10.102527659574466,0.05,0.4970833333333336,66.51491228070174,1.3072,0.0,0.0,4.050793650793651,0.0,403.0,0.0173410404624277,0.0161290322580645,0.0,0.7654225352112677,20.0,42.57557251908397,2.58867543859649,0.0174319999999999,1.0,1.822714285714284,0.490566037735849,56.46488549618321,16.347121212121213,0.5242718446601942,1.0,1.0,7.4,0
805,5.0,0.29,0.263,17.0,0.0,0.43125,3.0,4.050793650793651,7.0,597.0,0.0,0.0,0.0,0.66,1353.0,61.6,0.5,0.01,2.0,3.1,0.490566037735849,30.1,3.0,0.5242718446601942,2.0,5.2,7.7,1
527,10.102527659574466,0.132351724137931,0.4970833333333336,66.51491228070174,1.3072,0.0,0.0,4.050793650793651,0.0,500.0,0.0173410404624277,0.0161290322580645,0.0,0.7654225352112677,20.0,42.57557251908397,2.58867543859649,0.0174319999999999,1.0,1.822714285714284,0.490566037735849,56.46488549618321,16.347121212121213,0.5242718446601942,1.0,1.0,7.5,0
1074,10.102527659574466,0.05,0.4970833333333336,66.51491228070174,1.3072,0.0,0.0,5.0,3.945118733509234,379.0,0.0,0.0161290322580645,0.0,0.7654225352112677,56.0,0.5,2.58867543859649,0.0174319999999999,1.6765578635014835,1.822714285714284,0.0,56.46488549618321,16.347121212121213,0.0,1.6503267973856208,1.3953286384976524,7.96,0
562,10.102527659574466,0.03,0.4970833333333336,66.51491228070174,1.3072,0.0,24.0,5.0,3.945118733509234,113.0,0.0173410404624277,0.0161290322580645,0.0,0.7654225352112677,117.89258333333332,42.57557251908397,2.58867543859649,0.0174319999999999,1.6765578635014835,1.822714285714284,0.0,56.46488549618321,21.0,0.0,1.6503267973856208,0.3,6.6,0
629,10.102527659574466,0.132351724137931,0.4970833333333336,66.51491228070174,1.3072,0.0,7.0,4.050793650793651,0.0,488.0,0.0173410404624277,0.0161290322580645,0.0,0.7654225352112677,20.0,10.0,2.58867543859649,0.0174319999999999,1.0,1.822714285714284,0.490566037735849,56.46488549618321,16.347121212121213,0.5242718446601942,1.0,1.0,7.4,0
444,10.102527659574466,0.05,0.4970833333333336,66.51491228070174,1.3072,0.0,26.0,4.050793650793651,0.0,647.0,0.0,0.0161290322580645,0.0,0.7654225352112677,20.0,10.0,2.58867543859649,0.0174319999999999,1.0,1.1,0.490566037735849,56.46488549618321,16.347121212121213,0.5242718446601942,1.6503267973856208,1.0,7.1,0
399,10.102527659574466,0.132351724137931,0.4970833333333336,66.51491228070174,1.3072,0.0,0.0,4.050793650793651,0.0,466.0,0.0173410404624277,0.0161290322580645,0.0,0.7654225352112677,20.0,42.57557251908397,2.58867543859649,0.0174319999999999,1.0,1.822714285714284,0.490566037735849,56.46488549618321,16.347121212121213,0.5242718446601942,1.0,1.0,7.7,0
590,10.102527659574466,0.15,0.4970833333333336,66.51491228070174,1.3072,0.0,2.0,1.5,3.945118733509234,428.0,0.0173410404624277,0.0161290322580645,0.0,0.7654225352112677,166.0,42.57557251908397,2.58867543859649,0.0174319999999999,1.6765578635014835,1.822714285714284,0.0,56.46488549618321,16.347121212121213,0.0,1.6503267973856208,0.5,7.6,0
1099,5.0,0.12,0.5,57.0,3.0,0.43125,26.0,4.050793650793651,12.0,623.0,0.0,0.0,0.0,1.2,196.0,4.0,0.5,0.01,2.0,2.6,0.490566037735849,68.0,8.0,0.5242718446601942,2.0,1.0,7.9,1
658,10.102527659574466,0.132351724137931,0.4970833333333336,66.51491228070174,1.3072,0.0,19.0,4.050793650793651,3.0,628.0,0.0173410404624277,0.0161290322580645,0.0,0.7654225352112677,110.0,42.57557251908397,2.58867543859649,0.0174319999999999,1.6765578635014835,1.822714285714284,1.0,56.46488549618321,16.347121212121213,1.0,1.6503267973856208,0.5,7.47,0
2078,10.102527659574466,0.132351724137931,0.501,66.51491228070174,2.0,0.43125,7.0,4.050793650793651,3.0,456.0,0.0173410404624277,0.0,0.0,0.7654225352112677,92.0,17.0,2.58867543859649,0.0174319999999999,8.0,1.822714285714284,0.490566037735849,56.46488549618321,16.347121212121213,0.5242718446601942,8.0,1.0,8.0,1
521,10.102527659574466,0.132351724137931,0.4970833333333336,66.51491228070174,1.3072,0.0,0.0,4.050793650793651,0.0,352.0,0.0173410404624277,0.0161290322580645,0.0,0.7654225352112677,20.0,10.0,2.58867543859649,0.0174319999999999,1.0,1.822714285714284,0.490566037735849,56.46488549618321,16.347121212121213,0.5242718446601942,1.0,1.0,7.5,0
430,40.0,0.12,0.284,199.0,1.3072,0.0,3.0,4.050793650793651,7.1,981.0,0.0,0.0161290322580645,0.0,0.15,209.0,30.0,0.44,0.004,2.0,3.1,1.0,169.2,5.7,1.0,1.0,0.84,8.3,0
826,10.102527659574466,0.68,0.4970833333333336,163.0,0.0,0.43125,19.0,4.050793650793651,2.0,674.0,0.0173410404624277,0.0,0.0,0.7654225352112677,25.0,181.0,2.58867543859649,0.0174319999999999,2.0,1.822714285714284,0.490566037735849,56.46488549618321,16.347121212121213,0.5242718446601942,2.0,1.0,7.6,1
1313,5.0,0.05,0.085,9.0,1.3072,0.0,4.0,4.050793650793651,3.945118733509234,744.0,0.0173410404624277,0.0161290322580645,0.0,0.33,59.0,2.0,0.5,0.01,1.0,3.2,0.490566037735849,35.5,64.0,0.5242718446601942,1.6503267973856208,1.0,7.33,0
877,5.0,0.05,0.954,12.0,0.0,0.43125,8.0,4.050793650793651,2.0,530.0,0.0,0.0,0.0,0.47,10.0,2.0,0.45,0.01,2.0,0.8,0.490566037735849,17.9,6.0,0.5242718446601942,2.0,1.0,7.6,0
881,5.0,0.19,0.667,14.0,0.0,0.43125,3.0,4.050793650793651,3.0,586.0,0.0,0.0,0.0,1.0,14.0,2.0,0.45,0.01,2.0,1.6,0.490566037735849,27.0,16.0,0.5242718446601942,2.0,1.0,7.5,0
1450,5.0,0.08,0.73,80.0,0.0,0.43125,0.0,4.050793650793651,6.0,692.0,0.0,0.0,0.0,2.12,180.0,2.0,0.45,0.01,2.0,1.1,0.490566037735849,85.9,54.0,0.5242718446601942,1.6503267973856208,1.0,7.9,1
509,10.102527659574466,0.132351724137931,0.4970833333333336,66.51491228070174,1.3072,0.0,4.0,4.050793650793651,0.0,466.0,0.0173410404624277,0.0161290322580645,0.0,0.7654225352112677,20.0,10.0,2.58867543859649,0.0174319999999999,1.0,1.822714285714284,0.490566037735849,56.46488549618321,16.347121212121213,0.5242718446601942,1.0,1.0,7.3,0
1602,20.0,0.132351724137931,0.36,66.51491228070174,0.0,0.43125,80.0,4.050793650793651,2.0,589.0,0.0173410404624277,0.0161290322580645,0.0,1.2,14.0,42.57557251908397,0.04,0.003,1.6765578635014835,1.822714285714284,0.490566037735849,56.46488549618321,16.347121212121213,0.5242718446601942,1.6503267973856208,0.5,7.9,0
1141,10.102527659574466,0.1,0.4970833333333336,66.51491228070174,1.3072,0.0,38.01291989664082,4.050793650793651,6.9,452.0,0.0173410404624277,0.0161290322580645,0.0,0.7654225352112677,117.89258333333332,42.57557251908397,2.58867543859649,0.0174319999999999,1.0,1.822714285714284,0.490566037735849,56.46488549618321,16.347121212121213,0.5242718446601942,1.0,1.75,8.02,0
979,10.102527659574466,0.132351724137931,0.4970833333333336,66.51491228070174,0.0,0.43125,4.0,4.050793650793651,2.0,503.0,0.0173410404624277,0.0,0.0,0.7654225352112677,61.0,42.57557251908397,2.58867543859649,0.0174319999999999,1.0,1.822714285714284,0.490566037735849,56.46488549618321,16.347121212121213,0.5242718446601942,1.0,1.0,7.5,0
605,10.102527659574466,0.132351724137931,0.4970833333333336,66.51491228070174,1.3072,0.0,0.0,4.050793650793651,0.0,416.0,0.0173410404624277,0.0161290322580645,0.0,0.7654225352112677,20.0,31.0,2.58867543859649,0.0174319999999999,1.0,1.822714285714284,0.490566037735849,56.46488549618321,16.347121212121213,0.5242718446601942,1.0,1.0,7.4,0
1465,10.102527659574466,0.2,0.4970833333333336,182.0,1.3072,0.0,48.0,4.050793650793651,11.8,883.0,0.0,0.0161290322580645,0.0,0.53,767.0,79.5,1.0,0.011,1.0,2.53,0.490566037735849,56.46488549618321,2.8,0.5242718446601942,1.0,2.79,8.02,1
426,10.102527659574466,0.05,0.4970833333333336,66.51491228070174,1.3072,0.0,0.0,1.5,3.945118733509234,610.0,0.0173410404624277,0.0161290322580645,0.0,0.15,117.89258333333332,42.57557251908397,2.58867543859649,0.0174319999999999,1.6765578635014835,1.822714285714284,0.0,56.46488549618321,16.347121212121213,0.0,1.6503267973856208,0.2,7.7,0
474,10.102527659574466,0.05,0.4970833333333336,66.51491228070174,1.3072,0.0,0.0,2.2,3.945118733509234,564.0,0.0173410404624277,0.0161290322580645,0.0,0.7654225352112677,20.0,20.0,2.58867543859649,0.0174319999999999,1.6765578635014835,1.822714285714284,0.0,56.46488549618321,16.347121212121213,0.0,1.6503267973856208,0.2,7.6,0
751,10.102527659574466,0.08,0.4970833333333336,66.51491228070174,0.0,0.0,68.0,4.050793650793651,19.9,877.0,0.0,0.0,0.0,0.7654225352112677,117.89258333333332,42.57557251908397,2.58867543859649,0.0174319999999999,1.0,1.822714285714284,0.490566037735849,56.46488549618321,16.347121212121213,0.5242718446601942,1.0,2.46,7.86,0
380,10.102527659574466,0.132351724137931,0.4970833333333336,66.51491228070174,1.3072,0.0,0.0,4.050793650793651,0.0,576.0,0.0173410404624277,0.0161290322580645,0.0,0.7654225352112677,20.0,42.57557251908397,2.58867543859649,0.0174319999999999,1.0,1.822714285714284,0.490566037735849,56.46488549618321,16.347121212121213,0.5242718446601942,1.0,1.0,7.5,0
277,10.0,0.05,0.1,15.0,1.3072,0.0,19.0,4.050793650793651,0.0,631.0,0.0,0.0161290322580645,0.0,0.3,43.0,10.0,4.2,0.005,1.0,2.3,0.490566037735849,6.9,75.0,0.5242718446601942,1.0,1.0,7.5,0
934,10.102527659574466,0.05,0.4970833333333336,66.51491228070174,1.3072,0.0,0.0,5.0,3.945118733509234,369.0,0.0,0.0161290322580645,0.0,0.7654225352112677,86.0,0.5,2.58867543859649,0.0174319999999999,1.6765578635014835,1.822714285714284,0.0,56.46488549618321,16.347121212121213,0.5242718446601942,1.6503267973856208,1.3953286384976524,7.97,0
360,10.102527659574466,0.05,0.4970833333333336,66.51491228070174,1.3072,0.0,0.0,4.050793650793651,0.0,530.0,0.0173410404624277,0.0161290322580645,0.0,0.7654225352112677,117.89258333333332,42.57557251908397,2.58867543859649,0.0174319999999999,1.0,1.822714285714284,0.490566037735849,56.46488549618321,16.347121212121213,0.5242718446601942,1.0,1.0,7.4,0
436,10.102527659574466,0.05,0.4970833333333336,66.51491228070174,1.3072,0.0,0.0,4.050793650793651,0.0,494.0,0.0173410404624277,0.0161290322580645,0.0,0.7654225352112677,42.0,45.0,2.58867543859649,0.0174319999999999,1.0,1.822714285714284,0.490566037735849,56.46488549618321,16.347121212121213,0.5242718446601942,1.0,1.0,7.3,0
367,10.102527659574466,0.05,0.4970833333333336,66.51491228070174,1.3072,0.0,4.0,4.050793650793651,0.0,287.0,0.0173410404624277,0.0161290322580645,0.0,1.4,117.89258333333332,42.57557251908397,2.58867543859649,0.0174319999999999,1.0,1.822714285714284,0.490566037735849,56.46488549618321,16.347121212121213,0.5242718446601942,1.0,1.0,8.0,0
349,23.0,0.05,0.4,0.7,1.3072,0.0,229.0,4.050793650793651,0.0,63.0,0.0,0.0161290322580645,0.0,0.1,20.0,10.0,1.0,0.002,1.0,0.7,0.490566037735849,4.2,1.0,0.5242718446601942,1.0,1.0,8.2,0
1319,5.0,0.11,0.555,13.0,0.0,0.43125,115.0,4.050793650793651,5.0,451.0,0.0,0.0,0.0,0.9,100.0,10.0,0.45,0.01,2.0,0.64,0.490566037735849,48.4,3.0,0.5242718446601942,2.0,1.0,8.2,0
1485,10.102527659574466,0.132351724137931,0.4970833333333336,66.51491228070174,1.3072,0.0,7.0,4.050793650793651,0.0,510.0,0.0173410404624277,0.0161290322580645,0.0,0.7654225352112677,20.0,10.0,2.58867543859649,0.0174319999999999,1.0,1.822714285714284,0.490566037735849,56.46488549618321,16.347121212121213,0.5242718446601942,1.0,1.0,7.2,0
1297,10.102527659574466,0.132351724137931,0.4970833333333336,66.51491228070174,0.0,0.43125,1.0,4.050793650793651,5.0,580.0,0.0173410404624277,0.0,0.0,0.7654225352112677,20.0,20.0,2.58867543859649,0.0174319999999999,1.6765578635014835,1.822714285714284,0.490566037735849,56.46488549618321,16.347121212121213,0.5242718446601942,1.6503267973856208,0.5,7.8,0
1051,10.102527659574466,0.132351724137931,0.4970833333333336,66.51491228070174,1.3072,0.0,4.0,4.050793650793651,0.0,398.0,0.0173410404624277,0.0161290322580645,0.0,0.7654225352112677,50.0,42.57557251908397,2.58867543859649,0.0174319999999999,1.0,1.822714285714284,0.490566037735849,56.46488549618321,16.347121212121213,0.5242718446601942,1.0,1.0,7.5,0
1073,10.102527659574466,0.132351724137931,0.4970833333333336,66.51491228070174,1.3072,0.0,0.0,4.050793650793651,5.1,475.0,0.0173410404624277,0.0161290322580645,0.0,0.7654225352112677,117.89258333333332,42.57557251908397,2.58867543859649,0.0174319999999999,1.0,1.822714285714284,0.490566037735849,56.46488549618321,16.347121212121213,0.5242718446601942,1.0,2.5,7.63,0
328,10.102527659574466,0.05,0.4970833333333336,66.51491228070174,1.3072,0.0,0.0,4.050793650793651,0.0,501.0,0.0,0.0161290322580645,0.0,0.7654225352112677,20.0,21.0,2.58867543859649,0.0174319999999999,1.0,2.1,0.490566037735849,6.7,19.0,0.5242718446601942,1.0,1.0,7.3,0
682,1.0,0.05,0.106,10.0,1.3072,0.0,3.0,4.050793650793651,3.0,630.0,0.0,0.0161290322580645,0.0,0.56,0.052,10.0,2.06,0.003,1.6765578635014835,0.59,1.0,11.6,31.0,1.0,1.6503267973856208,0.5,7.23,0
1101,10.102527659574466,0.05,0.4970833333333336,66.51491228070174,0.0,0.43125,7.0,4.050793650793651,3.3,155.0,0.0173410404624277,0.0,0.0,0.7654225352112677,56.0,5.0,2.58867543859649,0.0174319999999999,2.0,1.822714285714284,0.490566037735849,56.46488549618321,16.347121212121213,0.5242718446601942,2.0,1.0,8.1,0
689,10.102527659574466,0.05,0.4970833333333336,66.51491228070174,1.3072,0.0,8.0,3.0,3.945118733509234,504.0,0.0173410404624277,0.0161290322580645,0.0,0.94,117.89258333333332,42.57557251908397,2.58867543859649,0.003,1.6765578635014835,1.822714285714284,1.0,56.46488549618321,16.347121212121213,1.0,1.6503267973856208,0.5,7.55,0
1103,10.102527659574466,0.132351724137931,0.4970833333333336,66.51491228070174,0.0,0.43125,3.0,4.050793650793651,2.0,578.0,0.0173410404624277,0.0,0.0,0.7654225352112677,40.0,9.0,2.58867543859649,0.0174319999999999,1.0,1.822714285714284,0.490566037735849,56.46488549618321,16.347121212121213,0.5242718446601942,1.0,1.0,7.9,0
1185,10.102527659574466,0.132351724137931,0.4970833333333336,66.51491228070174,0.0,0.43125,11.0,4.050793650793651,2.0,575.0,0.0173410404624277,0.0,0.0,0.7654225352112677,46.0,42.57557251908397,2.58867543859649,0.0174319999999999,2.0,1.822714285714284,0.490566037735849,56.46488549618321,16.347121212121213,0.5242718446601942,2.0,1.0,8.0,0
981,10.102527659574466,0.132351724137931,0.4970833333333336,66.51491228070174,0.0,0.43125,0.0,4.050793650793651,3.0,626.0,0.0173410404624277,0.0,0.0,0.7654225352112677,97.0,42.57557251908397,2.58867543859649,0.0174319999999999,2.0,1.822714285714284,0.490566037735849,56.46488549618321,16.347121212121213,0.5242718446601942,2.0,1.0,7.4,0
1235,10.102527659574466,0.05,0.996,66.51491228070174,1.3072,0.0,3.0,4.050793650793651,3.0,546.0,0.0173410404624277,0.0161290322580645,0.0,1.5,33.0,42.57557251908397,2.58867543859649,0.003,1.6765578635014835,1.822714285714284,1.0,56.46488549618321,16.347121212121213,1.0,1.6503267973856208,0.5,7.95,0
502,10.102527659574466,0.05,0.4970833333333336,66.51491228070174,1.3072,0.0,38.01291989664082,1.5,3.945118733509234,204.0,0.0173410404624277,0.0161290322580645,0.0,1.19,37.0,42.57557251908397,2.58867543859649,0.0174319999999999,1.6765578635014835,1.822714285714284,0.0,56.46488549618321,16.347121212121213,0.0,1.6503267973856208,0.2,8.0,0
705,10.102527659574466,0.08,0.978,66.51491228070174,1.3072,0.0,9.0,4.050793650793651,3.0,377.0,0.0173410404624277,0.0161290322580645,0.0,1.17,24.0,42.57557251908397,2.58867543859649,0.003,1.6765578635014835,1.822714285714284,1.0,56.46488549618321,16.347121212121213,1.0,1.6503267973856208,0.5,7.82,0
1727,10.102527659574466,0.29,0.078,66.51491228070174,1.3072,0.0,38.01291989664082,4.050793650793651,5.7,519.0,0.0173410404624277,0.0161290322580645,0.0,0.7654225352112677,117.89258333333332,42.57557251908397,2.58867543859649,0.0174319999999999,2.0,1.822714285714284,0.490566037735849,6.5,16.347121212121213,0.5242718446601942,2.0,29.0,7.43,0
344,10.102527659574466,0.05,0.4970833333333336,66.51491228070174,1.3072,0.0,38.01291989664082,4.050793650793651,0.0,336.0,0.0173410404624277,0.0161290322580645,0.0,0.7654225352112677,20.0,42.57557251908397,2.58867543859649,0.0174319999999999,1.0,1.822714285714284,0.490566037735849,56.46488549618321,16.347121212121213,0.5242718446601942,1.0,1.0,7.8,0
284,10.102527659574466,0.05,0.4970833333333336,66.51491228070174,1.3072,0.0,19.0,4.050793650793651,0.0,179.0,0.0,0.0161290322580645,0.0,1.3,117.89258333333332,42.57557251908397,2.58867543859649,0.0174319999999999,1.0,1.822714285714284,0.490566037735849,56.46488549618321,16.347121212121213,0.5242718446601942,1.0,1.0,7.7,0
767,10.102527659574466,0.04,0.4970833333333336,66.51491228070174,1.3072,0.0,38.01291989664082,10.0,3.945118733509234,777.0,0.0173410404624277,0.0161290322580645,0.0,0.7654225352112677,43.0,42.57557251908397,2.58867543859649,0.0174319999999999,1.6765578635014835,1.822714285714284,0.0,56.46488549618321,16.347121212121213,0.0,1.6503267973856208,0.3,7.2,0
1096,5.0,0.16,0.13,105.0,0.0,0.43125,0.0,4.050793650793651,2.0,594.0,0.0,0.0,0.0,0.52,3.7,8.8,0.5,0.309,4.0,1.8,0.490566037735849,42.5,16.0,0.5242718446601942,4.0,1.0,8.0,0
546,10.102527659574466,0.132351724137931,0.4970833333333336,66.51491228070174,1.3072,0.0,3.0,4.050793650793651,11.2,552.0,0.0,0.0161290322580645,0.0,0.7654225352112677,879.0,42.57557251908397,2.58867543859649,0.0174319999999999,1.0,1.822714285714284,0.490566037735849,56.46488549618321,16.347121212121213,0.5242718446601942,1.0,1.19,7.56,1
676,5.0,0.11,0.8,53.0,1.3072,0.0,9.0,4.050793650793651,4.0,691.0,0.0,0.0161290322580645,0.0,0.58,71.0,30.0,1.0,0.004,1.0,1.92,0.490566037735849,94.1,20.0,0.5242718446601942,1.0,2.3,8.02,0
722,10.102527659574466,0.19,0.4970833333333336,66.51491228070174,1.3072,0.0,300.0,4.050793650793651,9.0,683.0,0.0173410404624277,0.0161290322580645,0.0,0.7654225352112677,90.0,42.57557251908397,2.58867543859649,0.003,1.6765578635014835,1.822714285714284,1.0,56.46488549618321,16.347121212121213,1.0,1.6503267973856208,0.5,8.03,0
760,10.102527659574466,0.08,0.4970833333333336,66.51491228070174,1.3072,0.0,42.0,4.050793650793651,8.0,922.0,0.0,0.0161290322580645,0.0,0.7654225352112677,117.89258333333332,42.57557251908397,2.58867543859649,0.0174319999999999,3.0,1.822714285714284,0.490566037735849,56.46488549618321,16.347121212121213,0.5242718446601942,3.0,0.77,8.08,0
1775,10.102527659574466,0.05,0.4970833333333336,66.51491228070174,1.3072,0.0,38.01291989664082,4.050793650793651,0.0,395.0,0.0173410404624277,0.0161290322580645,0.0,0.7654225352112677,20.0,42.57557251908397,2.58867543859649,0.0174319999999999,1.0,1.822714285714284,0.490566037735849,56.46488549618321,16.347121212121213,0.5242718446601942,1.0,1.0,7.7,0
685,10.102527659574466,0.19,0.4970833333333336,66.51491228070174,0.0,0.43125,55.0,4.050793650793651,17.0,676.0,0.0173410404624277,0.0,0.0,0.7654225352112677,2500.0,14.0,2.58867543859649,0.0174319999999999,4.0,1.822714285714284,0.490566037735849,56.46488549618321,16.347121212121213,0.5242718446601942,4.0,6.7,7.2,1
261,10.102527659574466,0.11,0.4970833333333336,66.51491228070174,1.3072,0.0,0.0,4.050793650793651,0.0,410.0,0.0,0.0161290322580645,0.0,0.7654225352112677,66.0,40.0,2.58867543859649,0.0174319999999999,1.0,3.3,0.490566037735849,140.0,1.0,0.5242718446601942,1.6503267973856208,1.0,7.8,0
841,5.0,0.05,0.444,120.0,6.0,0.0,17.0,4.050793650793651,6.0,693.0,0.0,0.0,0.0,0.88,138.0,9.0,0.5,0.01,2.0,0.8,0.490566037735849,64.9,34.0,0.5242718446601942,2.0,1.0,8.2,1
441,10.102527659574466,0.05,0.4970833333333336,66.51491228070174,1.3072,9.0,38.01291989664082,4.050793650793651,0.0,401.0,0.0173410404624277,0.0161290322580645,0.0,0.7654225352112677,808.0,42.57557251908397,2.58867543859649,0.0174319999999999,1.0,1.822714285714284,0.490566037735849,56.46488549618321,16.347121212121213,0.5242718446601942,1.0,8.8,8.0,1
1215,10.102527659574466,0.132351724137931,0.4970833333333336,66.51491228070174,0.0,0.43125,0.0,4.050793650793651,2.0,756.0,0.0173410404624277,0.0,0.0,0.7654225352112677,40.0,11.0,2.58867543859649,0.0174319999999999,2.0,1.822714285714284,0.490566037735849,56.46488549618321,16.347121212121213,0.5242718446601942,2.0,1.0,7.8,0
850,10.102527659574466,0.132351724137931,0.4970833333333336,66.51491228070174,0.0,0.43125,0.0,4.050793650793651,3.0,459.0,0.0173410404624277,0.0,0.0,0.7654225352112677,50.0,5.0,2.58867543859649,0.0174319999999999,2.0,1.822714285714284,0.490566037735849,56.46488549618321,16.347121212121213,0.5242718446601942,2.0,1.0,7.8,0
1209,10.102527659574466,0.132351724137931,0.799,66.51491228070174,1.3072,0.0,14.0,4.050793650793651,3.0,310.0,0.0173410404624277,0.0161290322580645,0.0,1.08,11.0,42.57557251908397,2.58867543859649,0.0174319999999999,1.6765578635014835,1.822714285714284,1.0,56.46488549618321,16.347121212121213,1.0,1.6503267973856208,0.5,7.89,0
524,10.102527659574466,0.05,0.4970833333333336,66.51491228070174,1.3072,0.0,38.01291989664082,1.5,3.945118733509234,257.0,0.0,0.0161290322580645,0.0,0.79,37.0,42.57557251908397,2.58867543859649,0.0174319999999999,1.6765578635014835,1.822714285714284,0.0,56.46488549618321,16.347121212121213,0.0,1.6503267973856208,0.2,8.1,0
197,10.102527659574466,0.132351724137931,0.4970833333333336,66.51491228070174,1.3072,0.0,0.0,4.050793650793651,0.0,558.0,0.0173410404624277,0.0161290322580645,0.0,0.7654225352112677,20.0,10.0,2.58867543859649,0.0174319999999999,1.0,1.822714285714284,0.490566037735849,56.46488549618321,16.347121212121213,0.5242718446601942,1.0,1.0,7.5,0
1082,5.0,0.05,0.5,13.0,33.0,0.43125,300.0,4.050793650793651,5.0,547.0,0.0,0.0,0.0,1.1,48.0,5.8,0.5,0.01,2.0,2.3,0.490566037735849,32.9,3.0,0.5242718446601942,2.0,1.0,7.8,1
354,10.102527659574466,0.19,0.4970833333333336,66.51491228070174,1.3072,0.0,0.0,4.050793650793651,0.0,447.0,0.0,0.0161290322580645,0.0,0.7654225352112677,20.0,10.0,2.58867543859649,0.0174319999999999,1.0,3.0,0.490566037735849,6.9,13.0,0.5242718446601942,1.6503267973856208,1.0,7.1,0
1216,10.102527659574466,0.132351724137931,0.4970833333333336,66.51491228070174,0.0,0.43125,11.0,4.050793650793651,2.0,573.0,0.0173410404624277,0.0,0.0,0.7654225352112677,117.89258333333332,42.57557251908397,2.58867543859649,0.0174319999999999,2.0,1.822714285714284,0.490566037735849,56.46488549618321,16.347121212121213,0.5242718446601942,2.0,1.0,8.2,0
499,10.0,0.05,0.1,1.7,1.3072,0.0,0.0,4.050793650793651,0.0,410.0,0.0,0.0161290322580645,0.0,0.4,20.0,10.0,1.0,0.002,1.0,0.9,0.490566037735849,109.0,5.5,0.5242718446601942,1.0,1.1,7.6,0
471,10.102527659574466,0.05,0.4970833333333336,66.51491228070174,1.3072,0.0,1.0,3.9,3.945118733509234,609.0,0.0173410404624277,0.0161290322580645,0.0,0.7654225352112677,29.0,36.0,2.58867543859649,0.0174319999999999,1.6765578635014835,1.822714285714284,0.0,56.46488549618321,16.347121212121213,0.0,1.6503267973856208,0.2,7.6,0
807,10.102527659574466,0.132351724137931,0.4970833333333336,66.51491228070174,0.0,0.43125,0.0,4.050793650793651,5.0,688.0,0.0,0.0,0.0,0.7654225352112677,136.0,0.5,2.58867543859649,0.0174319999999999,1.6765578635014835,1.822714285714284,0.0,56.46488549618321,16.347121212121213,0.0,1.6503267973856208,1.3953286384976524,7.23,0
1912,10.102527659574466,0.28,0.4970833333333336,66.51491228070174,0.0,0.43125,138.0,4.050793650793651,5.0,970.0,0.0,0.0,0.0,0.7654225352112677,120.0,12.0,2.58867543859649,0.0174319999999999,4.0,1.822714285714284,0.490566037735849,56.46488549618321,16.347121212121213,0.5242718446601942,4.0,1.0,7.6,0
711,1.0,0.05,0.0259,14.0,1.3072,0.0,44.0,4.050793650793651,5.0,552.0,0.0,0.0161290322580645,0.0,0.56,55.0,1.7,0.2,0.003,1.6765578635014835,1.5,1.0,8.7,29.0,1.0,1.6503267973856208,0.5,7.57,0
391,10.102527659574466,0.05,0.4970833333333336,66.51491228070174,1.3072,0.0,38.01291989664082,4.050793650793651,0.0,214.0,0.0173410404624277,0.0161290322580645,0.0,1.2,21.0,42.57557251908397,2.58867543859649,0.0174319999999999,1.0,1.822714285714284,0.490566037735849,56.46488549618321,16.347121212121213,0.5242718446601942,1.0,1.0,8.0,0
497,10.102527659574466,0.132351724137931,0.4970833333333336,66.51491228070174,1.3072,0.0,0.0,4.050793650793651,0.0,406.0,0.0173410404624277,0.0161290322580645,0.0,0.7654225352112677,20.0,19.0,2.58867543859649,0.0174319999999999,1.0,1.822714285714284,0.490566037735849,56.46488549618321,16.347121212121213,0.5242718446601942,1.0,2.0,7.5,0
744,10.102527659574466,0.05,0.4970833333333336,25.5,1.3072,0.0,21.0,4.050793650793651,8.0,715.0,0.0,0.0161290322580645,0.0,0.7654225352112677,350.0,16.0,2.58867543859649,0.0174319999999999,1.6765578635014835,5.76,1.0,56.46488549618321,16.347121212121213,1.0,1.6503267973856208,0.5,6.91,1
336,10.102527659574466,0.497,0.4970833333333336,66.51491228070174,27.0,0.43125,410.0,4.050793650793651,9.0,684.0,0.0,0.0,0.0,0.7654225352112677,180.0,17.0,1.0,0.01,2.0,1.822714285714284,0.490566037735849,56.46488549618321,16.347121212121213,0.5242718446601942,2.0,2.0,8.08,1
1368,10.0,0.05,0.1,2.9,1.3072,0.0,4.0,4.050793650793651,0.0,510.0,0.0,0.0161290322580645,0.0,0.1,20.0,10.0,6.2,0.002,1.0,0.9,0.490566037735849,3.4,23.0,0.5242718446601942,1.0,1.0,7.3,0
214,10.102527659574466,0.05,0.4970833333333336,66.51491228070174,1.3072,0.0,14.0,4.050793650793651,0.0,436.0,0.0,0.0161290322580645,0.0,0.7654225352112677,20.0,14.0,2.58867543859649,0.0174319999999999,1.0,2.7,0.490566037735849,4.1,7.0,0.5242718446601942,1.0,1.0,7.3,0
1659,10.102527659574466,0.2,0.4970833333333336,66.51491228070174,0.0,0.43125,38.01291989664082,4.050793650793651,11.0,677.0,0.0173410404624277,0.0,0.0,0.7654225352112677,250.0,10.0,2.58867543859649,0.0174319999999999,1.6765578635014835,1.822714285714284,0.490566037735849,56.46488549618321,16.347121212121213,0.5242718446601942,1.6503267973856208,2.1,8.3,1
1612,10.102527659574466,0.12,0.4970833333333336,66.51491228070174,1.3072,0.0,42.0,4.050793650793651,0.0,322.0,0.0,0.0161290322580645,0.0,0.7654225352112677,20.0,262.0,2.58867543859649,0.0174319999999999,4.0,1.2,0.490566037735849,3.8,4.3,0.5242718446601942,1.6503267973856208,1.0,7.5,1
417,10.102527659574466,0.132351724137931,0.4970833333333336,66.51491228070174,1.3072,0.0,0.0,4.050793650793651,0.0,423.0,0.0173410404624277,0.0161290322580645,0.0,0.7654225352112677,100.0,10.0,2.58867543859649,0.0174319999999999,1.0,1.822714285714284,0.490566037735849,56.46488549618321,16.347121212121213,0.5242718446601942,1.0,1.2,7.5,0
507,10.102527659574466,0.132351724137931,0.4970833333333336,66.51491228070174,1.3072,0.0,0.0,4.050793650793651,0.0,398.0,0.0173410404624277,0.0161290322580645,0.0,0.7654225352112677,101.0,35.0,2.58867543859649,0.0174319999999999,1.0,1.822714285714284,0.490566037735849,56.46488549618321,16.347121212121213,0.5242718446601942,1.0,1.0,7.4,0
1190,10.102527659574466,0.132351724137931,0.4970833333333336,66.51491228070174,0.0,0.43125,19.0,4.050793650793651,2.8,608.0,0.0173410404624277,0.0,0.0,0.7654225352112677,47.0,42.57557251908397,2.58867543859649,0.0174319999999999,2.0,1.822714285714284,0.490566037735849,56.46488549618321,16.347121212121213,0.5242718446601942,2.0,1.0,7.9,0
757,10.102527659574466,0.03,0.4970833333333336,66.51491228070174,1.3072,0.0,38.01291989664082,5.0,3.945118733509234,443.0,0.0173410404624277,0.0161290322580645,0.0,0.7654225352112677,40.0,42.57557251908397,2.58867543859649,0.0174319999999999,1.6765578635014835,1.822714285714284,0.0,56.46488549618321,16.347121212121213,0.0,1.6503267973856208,0.3,7.5,0
1193,10.102527659574466,0.132351724137931,0.4970833333333336,66.51491228070174,0.0,0.43125,23.0,4.050793650793651,5.0,616.0,0.0173410404624277,0.0,0.0,0.7654225352112677,40.0,42.57557251908397,2.58867543859649,0.0174319999999999,1.0,1.822714285714284,0.490566037735849,56.46488549618321,16.347121212121213,0.5242718446601942,1.0,1.0,7.6,0
1933,10.102527659574466,0.033,0.4970833333333336,15.0,1.3072,0.0,16.0,5.0,3.945118733509234,572.0,0.0,0.0161290322580645,0.0,0.32,59.0,24.0,1.7,0.007,1.6765578635014835,1.0,0.0,56.46488549618321,33.0,0.0,1.6503267973856208,1.3953286384976524,7.7,0
706,10.102527659574466,0.132351724137931,0.993,66.51491228070174,1.3072,0.0,8.0,4.050793650793651,3.0,429.0,0.0173410404624277,0.0161290322580645,0.0,0.93,100.0,42.57557251908397,2.58867543859649,0.0174319999999999,1.6765578635014835,1.822714285714284,1.0,56.46488549618321,16.347121212121213,1.0,1.6503267973856208,0.5,7.51,0
316,10.102527659574466,0.05,0.4970833333333336,66.51491228070174,1.3072,0.0,4.0,4.050793650793651,0.0,481.0,0.0173410404624277,0.0161290322580645,0.0,0.7654225352112677,20.0,42.57557251908397,2.58867543859649,0.0174319999999999,1.0,1.822714285714284,0.490566037735849,56.46488549618321,16.347121212121213,0.5242718446601942,1.0,1.0,7.6,0
374,10.102527659574466,0.132351724137931,0.4970833333333336,66.51491228070174,1.3072,0.0,0.0,4.050793650793651,0.0,292.0,0.0173410404624277,0.0161290322580645,0.0,0.7654225352112677,104.0,42.57557251908397,2.58867543859649,0.0174319999999999,1.0,1.822714285714284,0.490566037735849,56.46488549618321,16.347121212121213,0.5242718446601942,1.0,1.0,8.0,0
1003,10.102527659574466,0.05,0.4970833333333336,66.51491228070174,1.3072,0.0,38.01291989664082,5.0,3.945118733509234,463.0,0.0173410404624277,0.0161290322580645,0.0,0.7654225352112677,71.0,42.57557251908397,0.7,0.004,1.6765578635014835,1.822714285714284,0.0,56.46488549618321,16.347121212121213,0.0,1.6503267973856208,1.3953286384976524,7.82,0
1364,10.102527659574466,0.132351724137931,0.4970833333333336,66.51491228070174,1.3072,0.0,0.0,4.050793650793651,0.0,610.0,0.0173410404624277,0.0161290322580645,0.0,0.7654225352112677,117.89258333333332,42.57557251908397,2.58867543859649,0.0174319999999999,1.0,1.822714285714284,0.490566037735849,56.46488549618321,16.347121212121213,0.5242718446601942,1.0,1.0,7.3,0
409,10.102527659574466,0.132351724137931,0.4970833333333336,66.51491228070174,1.3072,0.0,13.0,4.050793650793651,0.0,491.0,0.0173410404624277,0.0161290322580645,0.0,0.7654225352112677,34.0,42.57557251908397,2.58867543859649,0.0174319999999999,1.0,1.822714285714284,0.490566037735849,56.46488549618321,16.347121212121213,0.5242718446601942,1.0,1.0,7.4,0
839,5.0,0.05,0.161,81.0,1.0,0.43125,5.0,4.050793650793651,5.0,507.0,0.0,0.0,0.0,0.67,44.0,20.0,0.48,0.01,4.0,0.88,0.490566037735849,43.7,17.0,0.5242718446601942,4.0,2.3,8.0,1
677,5.0,0.132351724137931,0.9,66.51491228070174,1.3072,0.0,4.0,4.050793650793651,6.1,645.0,0.0,0.0161290322580645,0.0,0.7654225352112677,117.89258333333332,42.57557251908397,2.58867543859649,0.0174319999999999,1.0,1.822714285714284,0.490566037735849,75.4,16.347121212121213,0.5242718446601942,1.0,2.2,7.71,0
1160,10.102527659574466,0.25,0.4970833333333336,66.51491228070174,1.3072,0.0,38.01291989664082,4.050793650793651,12.4,376.0,0.0,0.0161290322580645,0.0,0.7654225352112677,183.0,42.57557251908397,2.58867543859649,0.0174319999999999,1.0,1.822714285714284,0.490566037735849,56.46488549618321,16.347121212121213,0.5242718446601942,1.0,0.5,7.85,0
962,5.0,0.29,0.77,66.0,1.3072,0.0,21.0,5.0,3.945118733509234,748.0,0.0,0.0161290322580645,0.0,0.23,43.3,2.0,3.0,0.01,1.6765578635014835,1.8,0.0,39.5,37.0,1.0,1.6503267973856208,1.3953286384976524,7.86,1
938,10.102527659574466,0.132351724137931,0.4970833333333336,66.51491228070174,1.3072,0.0,5.0,4.050793650793651,8.8,505.0,0.0173410404624277,0.0161290322580645,0.0,0.7654225352112677,117.89258333333332,42.57557251908397,2.58867543859649,0.0174319999999999,1.0,1.822714285714284,0.490566037735849,56.46488549618321,16.347121212121213,0.5242718446601942,1.0,1.05,7.91,0
601,10.102527659574466,0.05,0.4970833333333336,66.51491228070174,1.3072,0.0,31.0,2.6,3.945118733509234,400.0,0.0173410404624277,0.0161290322580645,0.0,0.7654225352112677,20.0,42.57557251908397,2.58867543859649,0.0174319999999999,1.6765578635014835,1.822714285714284,0.0,56.46488549618321,16.347121212121213,0.0,1.6503267973856208,0.3,7.6,0
314,10.102527659574466,0.05,0.4970833333333336,66.51491228070174,1.3072,0.0,0.0,4.050793650793651,0.0,606.0,0.0173410404624277,0.0161290322580645,0.0,0.7654225352112677,20.0,42.57557251908397,2.58867543859649,0.0174319999999999,1.0,1.822714285714284,0.490566037735849,56.46488549618321,16.347121212121213,0.5242718446601942,1.0,1.0,7.3,0
1695,10.102527659574466,0.14,0.4970833333333336,66.51491228070174,1.3072,0.0,0.0,4.050793650793651,0.0,407.0,0.0,0.0161290322580645,0.0,0.7654225352112677,81.0,28.0,2.58867543859649,0.0174319999999999,2.0,2.6,0.490566037735849,112.0,5.5,0.5242718446601942,1.6503267973856208,1.0,7.5,0
1483,10.102527659574466,0.05,0.4970833333333336,66.51491228070174,1.3072,0.0,0.0,2.3,3.945118733509234,355.0,0.0173410404624277,0.0161290322580645,0.0,1.5,20.0,42.57557251908397,2.58867543859649,0.0174319999999999,1.6765578635014835,1.822714285714284,0.0,56.46488549618321,16.347121212121213,0.0,1.6503267973856208,0.5,8.1,0
1377,10.102527659574466,0.132351724137931,0.4970833333333336,66.51491228070174,0.0,0.43125,137.0,4.050793650793651,2.0,666.0,0.0,0.0,0.0,0.7654225352112677,23.0,5.0,2.58867543859649,0.0174319999999999,1.0,1.822714285714284,0.490566037735849,56.46488549618321,16.347121212121213,0.5242718446601942,1.0,1.0,7.9,0
1009,10.102527659574466,0.132351724137931,0.4970833333333336,66.51491228070174,0.0,0.43125,5.0,4.050793650793651,4.1,650.0,0.0173410404624277,0.0,0.0,0.7654225352112677,280.0,80.0,2.58867543859649,0.0174319999999999,2.0,1.822714285714284,0.490566037735849,56.46488549618321,16.347121212121213,0.5242718446601942,2.0,3.2,8.0,1
630,20.0,0.2,0.28,286.0,1.3072,0.0,143.0,4.050793650793651,14.6,1180.0,0.0,0.0161290322580645,0.0,0.63,264.0,30.0,1.0,0.004,5.0,2.9,1.0,210.0,22.0,1.0,1.6503267973856208,1.62,8.13,1
332,10.102527659574466,0.05,0.4970833333333336,66.51491228070174,1.3072,0.0,0.0,4.050793650793651,0.0,676.0,0.0173410404624277,0.0161290322580645,0.0,0.7654225352112677,20.0,42.57557251908397,2.58867543859649,0.0174319999999999,1.0,1.822714285714284,0.490566037735849,56.46488549618321,16.347121212121213,0.5242718446601942,1.0,1.0,7.3,0
484,10.102527659574466,0.11,0.4970833333333336,66.51491228070174,1.3072,0.0,38.01291989664082,4.050793650793651,2.3,470.0,0.0173410404624277,0.0161290322580645,0.0,0.7654225352112677,36.0,20.0,2.58867543859649,0.0174319999999999,1.6765578635014835,1.822714285714284,0.0,56.46488549618321,16.347121212121213,0.0,1.6503267973856208,0.2,7.5,0
654,10.0,0.05,0.1,1.8,1.3072,0.0,189.0,4.050793650793651,0.0,479.0,0.0,0.0161290322580645,0.0,0.4,159.0,50.0,1.0,0.002,1.0,1.3,0.490566037735849,77.0,12.0,0.5242718446601942,1.0,1.7,7.9,0
1475,10.102527659574466,0.18,0.4970833333333336,2.5,1.3072,0.0,8.0,4.050793650793651,0.0,643.0,0.0,0.0161290322580645,0.0,0.1,866.0,430.0,8.2,0.002,1.0,2.1,0.490566037735849,20.0,9.6,0.5242718446601942,1.0,14.0,7.3,1
226,10.102527659574466,0.1,0.4970833333333336,66.51491228070174,1.3072,0.0,0.0,4.050793650793651,0.0,418.0,0.0,0.0161290322580645,0.0,0.7654225352112677,117.89258333333332,42.57557251908397,2.58867543859649,0.0174319999999999,1.0,1.8,0.490566037735849,6.2,3.8,0.5242718446601942,1.6503267973856208,1.0,7.3,0
1183,10.102527659574466,0.132351724137931,0.4970833333333336,66.51491228070174,13.4,0.43125,200.0,4.050793650793651,3.1,739.0,0.0173410404624277,2.0,0.0,0.7654225352112677,95.0,42.57557251908397,2.58867543859649,0.0174319999999999,4.0,1.822714285714284,0.490566037735849,56.46488549618321,16.347121212121213,0.5242718446601942,4.0,1.0,7.9,1
1690,10.102527659574466,0.132351724137931,0.4970833333333336,66.51491228070174,1.3072,0.0,156.0,4.050793650793651,0.0,366.0,0.0173410404624277,0.0161290322580645,0.0,0.7654225352112677,87.0,42.57557251908397,2.58867543859649,0.0174319999999999,1.0,1.822714285714284,0.490566037735849,101.0,16.347121212121213,0.5242718446601942,1.0,1.0,7.9,0
393,10.102527659574466,0.132351724137931,0.4970833333333336,66.51491228070174,1.3072,0.0,0.0,4.050793650793651,0.0,566.0,0.0173410404624277,0.0161290322580645,0.0,0.7654225352112677,20.0,14.0,2.58867543859649,0.0174319999999999,1.0,1.822714285714284,0.490566037735849,56.46488549618321,16.347121212121213,0.5242718446601942,1.0,1.0,7.4,0
490,10.102527659574466,0.06,0.4970833333333336,66.51491228070174,1.3072,0.0,7.0,1.7,3.945118733509234,565.0,0.0173410404624277,0.0161290322580645,0.0,0.7654225352112677,20.0,42.57557251908397,2.58867543859649,0.0174319999999999,1.6765578635014835,1.822714285714284,0.0,56.46488549618321,16.347121212121213,0.0,1.6503267973856208,0.3,7.8,0
687,10.102527659574466,0.08,0.4970833333333336,468.0,1.3072,0.0,5.0,4.050793650793651,6.1,1752.0,0.0,0.0161290322580645,0.0,0.72,48.8,30.0,1.0,0.017,1.0,2.37,0.490566037735849,208.9,16.347121212121213,0.5242718446601942,1.0,0.5,8.19,1
496,10.102527659574466,0.05,0.4970833333333336,66.51491228070174,1.3072,0.0,38.01291989664082,4.050793650793651,0.0,476.0,0.0173410404624277,0.0161290322580645,0.0,0.7654225352112677,27.0,10.0,2.58867543859649,0.0174319999999999,1.0,1.822714285714284,0.490566037735849,56.46488549618321,16.347121212121213,0.5242718446601942,1.0,1.0,7.5,0
276,1.4,0.1,0.401,80.7,1.3072,0.0,35.0,4.0,3.945118733509234,876.0,0.0,0.0161290322580645,0.0,1.14,150.0,38.0,18.7,0.006,1.0,1.0,0.490566037735849,70.0,42.8,0.5242718446601942,2.0,0.77,8.0,0
547,10.102527659574466,0.11,0.4970833333333336,66.51491228070174,1.3072,0.0,300.0,4.050793650793651,0.0,633.0,0.0173410404624277,0.0161290322580645,0.0,0.7654225352112677,112.0,155.0,2.58867543859649,0.0174319999999999,1.0,1.822714285714284,0.490566037735849,56.46488549618321,16.347121212121213,0.5242718446601942,1.0,1.0,7.3,1
357,10.102527659574466,0.05,0.4970833333333336,66.51491228070174,1.3072,0.0,0.0,4.050793650793651,0.0,515.0,0.0173410404624277,0.0161290322580645,0.0,0.7654225352112677,117.89258333333332,42.57557251908397,2.58867543859649,0.0174319999999999,1.0,1.822714285714284,0.490566037735849,56.46488549618321,16.347121212121213,0.5242718446601942,1.0,1.0,7.4,0
1105,10.102527659574466,0.22,0.4970833333333336,66.51491228070174,0.0,0.43125,4.0,4.050793650793651,2.0,428.0,0.0,0.0,0.0,0.7654225352112677,23.0,550.0,2.58867543859649,0.0174319999999999,4.0,1.2,0.490566037735849,68.1,10.0,0.5242718446601942,1.6503267973856208,1.3,8.1,1
829,10.102527659574466,0.25,0.4970833333333336,66.51491228070174,0.0,0.43125,0.0,4.050793650793651,2.0,662.0,0.0173410404624277,0.0,0.0,0.7654225352112677,23.0,5.0,2.58867543859649,0.0174319999999999,1.0,1.822714285714284,0.490566037735849,56.46488549618321,16.347121212121213,0.5242718446601942,1.0,1.0,7.8,0
1065,10.102527659574466,0.132351724137931,0.699,66.51491228070174,1.3072,0.0,7.0,4.050793650793651,3.0,540.0,0.0173410404624277,0.0161290322580645,0.0,1.44,117.89258333333332,42.57557251908397,2.58867543859649,0.0174319999999999,1.6765578635014835,1.822714285714284,1.0,56.46488549618321,16.347121212121213,1.0,1.6503267973856208,0.5,7.54,0
610,10.102527659574466,0.132351724137931,0.4970833333333336,66.51491228070174,1.3072,0.0,0.0,4.050793650793651,0.0,413.0,0.0173410404624277,0.0161290322580645,0.0,0.7654225352112677,20.0,10.0,2.58867543859649,0.0174319999999999,1.0,1.822714285714284,0.490566037735849,56.46488549618321,16.347121212121213,0.5242718446601942,1.0,1.0,7.2,0
350,10.102527659574466,0.05,0.4970833333333336,66.51491228070174,1.3072,0.0,0.0,4.050793650793651,0.0,568.0,0.0173410404624277,0.0161290322580645,0.0,0.7654225352112677,20.0,42.57557251908397,2.58867543859649,0.0174319999999999,1.0,1.822714285714284,0.490566037735849,56.46488549618321,16.347121212121213,0.5242718446601942,1.0,1.0,7.3,0
949,10.102527659574466,0.05,0.4970833333333336,41.0,0.0,0.43125,72.0,4.050793650793651,3.945118733509234,566.0077981651376,0.0173410404624277,0.0,0.0,0.7654225352112677,43.0,5.0,2.58867543859649,0.0174319999999999,1.6765578635014835,0.8,0.490566037735849,146.4,3.0,0.5242718446601942,1.6503267973856208,1.3953286384976524,7.2,0
310,10.102527659574466,0.05,0.4970833333333336,66.51491228070174,1.3072,0.0,27.0,4.050793650793651,0.0,291.0,0.0173410404624277,0.0161290322580645,0.0,1.9,20.0,10.0,2.58867543859649,0.0174319999999999,1.0,1.822714285714284,0.490566037735849,56.46488549618321,16.347121212121213,0.5242718446601942,1.0,1.0,7.7,1
1664,10.102527659574466,0.05,0.4970833333333336,1.0,1.3072,0.0,0.0,4.050793650793651,3.945118733509234,470.0,0.0,0.0161290322580645,0.0,0.7654225352112677,523.0,14.0,2.58867543859649,0.0174319999999999,1.0,1.0,0.490566037735849,126.0,5.3,0.5242718446601942,1.6503267973856208,1.0,7.7,1
633,11.0,0.061,0.757,183.0,1.3072,0.0,25.0,4.050793650793651,20.7,978.0,0.0,0.0161290322580645,0.0,0.53,186.0,30.0,0.01,0.01,1.6765578635014835,2.32,3.0,194.0,2.4,3.0,1.6503267973856208,1.6,8.22,0
1402,10.102527659574466,0.16,0.4970833333333336,66.51491228070174,15.0,0.0,30.0,4.050793650793651,2.0,524.0,0.0173410404624277,0.0,0.0,1.1,20.0,6.0,2.58867543859649,0.0174319999999999,1.0,1.822714285714284,0.490566037735849,56.46488549618321,16.347121212121213,0.5242718446601942,1.0,1.0,8.1,1
1195,5.0,0.05,0.198,11.0,0.0,0.43125,4.0,4.050793650793651,4.0,595.0,0.0,0.0,0.0,0.53,20.9,24.9,0.65,0.01,2.0,2.5,0.490566037735849,20.9,3.0,0.5242718446601942,2.0,1.0,7.7,0
193,10.102527659574466,0.08,0.4970833333333336,66.51491228070174,1.3072,0.0,16.0,4.050793650793651,11.5,622.0,0.0,0.0161290322580645,0.0,0.7654225352112677,117.89258333333332,42.57557251908397,2.58867543859649,0.0174319999999999,1.0,1.822714285714284,0.490566037735849,56.46488549618321,16.347121212121213,0.5242718446601942,1.0,1.24,7.55,0
1327,10.102527659574466,0.132351724137931,0.4970833333333336,66.51491228070174,1.3072,0.0,1.0,4.050793650793651,7.0,709.0,0.0173410404624277,0.0161290322580645,0.0,0.7654225352112677,200.0,42.57557251908397,2.58867543859649,0.0174319999999999,1.6765578635014835,1.822714285714284,1.0,56.46488549618321,16.347121212121213,1.0,1.6503267973856208,0.5,7.43,0
271,50.0,0.05,0.22,236.8,1.3072,0.0,73.0,4.050793650793651,23.9,995.0,0.0,0.0161290322580645,0.0,0.8,97.0,19.0,0.039,0.008,4.0,0.8,1.0,200.0,0.32,1.0,4.0,1.84,8.0,0
828,10.102527659574466,0.22,0.4970833333333336,66.51491228070174,0.0,0.43125,19.0,4.050793650793651,3.0,623.0,0.0173410404624277,0.0,0.0,0.7654225352112677,50.0,106.0,2.58867543859649,0.0174319999999999,1.0,1.822714285714284,0.490566037735849,56.46488549618321,16.347121212121213,0.5242718446601942,1.0,1.0,7.9,1
987,10.102527659574466,0.132351724137931,0.4970833333333336,66.51491228070174,0.0,0.43125,6.0,4.050793650793651,3.0,489.0,0.0173410404624277,0.0,0.0,0.7654225352112677,59.0,42.57557251908397,2.58867543859649,0.0174319999999999,2.0,1.822714285714284,0.490566037735849,56.46488549618321,16.347121212121213,0.5242718446601942,2.0,1.0,7.5,0
396,10.102527659574466,0.1,0.255,41.0,1.3072,0.0,0.0,4.050793650793651,3.945118733509234,1516.0,0.0,0.0161290322580645,0.0,0.79,50.0,10.0,1.0,0.01,1.6765578635014835,1.4,0.0,56.46488549618321,1.0,0.0,1.6503267973856208,0.5,7.4,0
1769,5.0,0.08,0.014,7.3,1.3072,3.0,124.0,4.050793650793651,15.0,273.0,0.0,0.0161290322580645,0.0,0.25,364.0,36.0,1.0,0.012,1.0,2.59,0.490566037735849,8.8,26.7,0.5242718446601942,1.0,0.89,7.8,1
196,5.0,0.08,0.7,14.4,1.3072,0.0,3.0,4.050793650793651,5.4,620.0,0.0,0.0161290322580645,0.0,0.52,44.8,30.0,1.0,0.004,2.0,0.78,0.490566037735849,66.0,18.2,0.5242718446601942,2.0,0.54,7.86,0
567,10.102527659574466,0.03,0.4970833333333336,66.51491228070174,1.3072,0.0,38.01291989664082,5.0,3.945118733509234,397.0,0.0173410404624277,0.0161290322580645,0.0,0.7654225352112677,10.0,42.57557251908397,2.58867543859649,0.0174319999999999,1.6765578635014835,1.822714285714284,0.0,56.46488549618321,16.347121212121213,0.0,1.6503267973856208,0.5,7.7,0
1165,10.102527659574466,0.132351724137931,0.4970833333333336,66.51491228070174,0.0,0.43125,83.0,4.050793650793651,4.0,525.0,0.0173410404624277,0.0,0.0,0.7654225352112677,117.89258333333332,42.57557251908397,2.58867543859649,0.0174319999999999,2.0,1.822714285714284,0.490566037735849,56.46488549618321,16.347121212121213,0.5242718446601942,2.0,1.0,7.4,0
608,10.102527659574466,0.132351724137931,0.4970833333333336,66.51491228070174,1.3072,0.0,0.0,4.050793650793651,0.0,524.0,0.0173410404624277,0.0161290322580645,0.0,0.7654225352112677,21.0,10.0,2.58867543859649,0.0174319999999999,1.0,1.822714285714284,0.490566037735849,56.46488549618321,16.347121212121213,0.5242718446601942,1.0,1.0,7.3,0
395,10.102527659574466,0.132351724137931,0.4970833333333336,66.51491228070174,1.3072,0.0,0.0,4.050793650793651,0.0,412.0,0.0173410404624277,0.0161290322580645,0.0,0.7654225352112677,20.0,42.57557251908397,2.58867543859649,0.0174319999999999,1.0,1.822714285714284,0.490566037735849,56.46488549618321,16.347121212121213,0.5242718446601942,1.0,1.0,7.4,0
506,10.102527659574466,0.132351724137931,0.4970833333333336,66.51491228070174,1.3072,0.0,0.0,4.050793650793651,0.0,455.0,0.0173410404624277,0.0161290322580645,0.0,0.7654225352112677,20.0,10.0,2.58867543859649,0.0174319999999999,1.0,1.822714285714284,0.490566037735849,56.46488549618321,16.347121212121213,0.5242718446601942,1.0,1.0,7.3,0
475,10.102527659574466,0.05,0.4970833333333336,66.51491228070174,1.3072,0.0,1.0,8.0,3.945118733509234,538.0,0.0173410404624277,0.0161290322580645,0.0,0.7654225352112677,20.0,20.0,2.58867543859649,0.0174319999999999,1.6765578635014835,1.822714285714284,0.0,56.46488549618321,16.347121212121213,0.0,1.6503267973856208,0.2,7.7,0
593,10.102527659574466,0.132351724137931,0.4970833333333336,66.51491228070174,1.3072,0.0,0.0,4.050793650793651,0.0,399.0,0.0173410404624277,0.0161290322580645,0.0,0.7654225352112677,243.0,27.0,2.58867543859649,0.0174319999999999,1.0,1.822714285714284,0.490566037735849,56.46488549618321,16.347121212121213,0.5242718446601942,1.0,2.4,7.4,1
1474,10.102527659574466,0.05,0.13,66.51491228070174,2.0,0.43125,300.0,4.050793650793651,2.0,566.0077981651376,0.0,0.0,0.0,0.7654225352112677,20.0,2.0,2.58867543859649,0.0174319999999999,2.0,2.0,0.490566037735849,56.46488549618321,32.0,0.5242718446601942,1.6503267973856208,1.0,7.9,1
779,10.102527659574466,0.05,0.4970833333333336,66.51491228070174,1.3072,0.0,0.0,4.050793650793651,0.0,328.0,0.0,0.0161290322580645,0.0,0.7654225352112677,20.0,18.0,2.58867543859649,0.0174319999999999,1.0,1.3,0.490566037735849,107.0,1.3,0.5242718446601942,1.6503267973856208,1.0,7.7,0
482,10.0,0.05,0.3,2.1,1.3072,0.0,0.0,3.5,0.0,476.0,0.0,0.0161290322580645,0.0,1.0,20.0,10.0,1.0,0.002,1.0,1.4,0.0,15.0,5.7,0.0,1.0,1.0,7.9,0
2208,10.102527659574466,0.132351724137931,0.4970833333333336,66.51491228070174,0.0,0.43125,194.0,4.050793650793651,2.0,538.0,0.0173410404624277,0.0,0.0,0.7654225352112677,71.0,57.4,2.58867543859649,0.0174319999999999,2.0,1.822714285714284,0.490566037735849,56.46488549618321,16.347121212121213,0.5242718446601942,2.0,2.4,7.9,1
704,10.102527659574466,0.05,0.4970833333333336,11.0,0.0,0.43125,3.0,4.050793650793651,5.0,596.0,0.0,0.0,0.0,0.15,26.0,3.0,9.9,0.01,2.0,2.2,0.490566037735849,6.5,28.0,0.5242718446601942,2.0,1.0,7.3,0
693,10.102527659574466,0.132351724137931,0.4970833333333336,66.51491228070174,1.3072,0.0,0.0,4.050793650793651,12.9,891.0,0.0,0.0161290322580645,0.0,0.7654225352112677,117.89258333333332,42.57557251908397,2.58867543859649,0.0174319999999999,2.0,1.822714285714284,0.490566037735849,56.46488549618321,16.347121212121213,0.5242718446601942,2.0,1.43,7.66,0
840,10.102527659574466,0.05,0.4970833333333336,66.51491228070174,1.3072,0.43125,38.01291989664082,4.050793650793651,2.0,747.0,0.0173410404624277,0.0161290322580645,0.0,0.72,20.0,5.0,2.58867543859649,0.0174319999999999,1.0,1.822714285714284,0.490566037735849,56.46488549618321,16.347121212121213,0.5242718446601942,1.0,1.0,7.9,0
702,10.102527659574466,0.08,0.4970833333333336,66.51491228070174,1.3072,0.0,38.01291989664082,4.050793650793651,5.9,979.0,0.0173410404624277,0.0161290322580645,0.0,0.7654225352112677,117.89258333333332,42.57557251908397,2.58867543859649,0.0174319999999999,1.0,1.822714285714284,0.490566037735849,56.46488549618321,16.347121212121213,0.5242718446601942,1.0,0.5,7.8,0
303,1.0,0.08,0.334,71.5,1.3072,0.0,32.0,2.0,3.945118733509234,650.0,0.0,0.0161290322580645,0.0,1.09,160.0,28.0,1.2,0.006,1.0,0.56,0.490566037735849,54.0,12.0,0.5242718446601942,1.0,0.89,8.0,0
529,10.102527659574466,0.132351724137931,0.4970833333333336,66.51491228070174,1.3072,0.0,0.0,4.050793650793651,0.0,416.0,0.0173410404624277,0.0161290322580645,0.0,1.4,117.89258333333332,42.57557251908397,2.58867543859649,0.0174319999999999,1.0,1.822714285714284,0.490566037735849,56.46488549618321,16.347121212121213,0.5242718446601942,1.0,1.0,7.6,0
432,10.102527659574466,0.132351724137931,0.4970833333333336,66.51491228070174,1.3072,0.0,63.0,4.050793650793651,10.0,454.0,0.0173410404624277,0.0161290322580645,0.0,0.7654225352112677,20.0,42.57557251908397,2.58867543859649,0.0174319999999999,1.0,1.822714285714284,0.490566037735849,56.46488549618321,16.347121212121213,0.5242718446601942,1.0,1.0,7.4,0
1349,5.0,0.08,0.1,71.0,0.0,0.43125,3.0,4.050793650793651,14.0,757.0,0.0,0.0,0.0,0.37,151.0,2.6,0.5,0.01,2.0,0.8,0.490566037735849,32.1,41.0,0.5242718446601942,2.0,9.5,7.6,0
1418,10.102527659574466,0.132351724137931,0.4970833333333336,66.51491228070174,0.0,0.43125,49.0,4.050793650793651,2.0,428.0,0.0,0.0,0.0,0.7654225352112677,55.0,49.0,2.58867543859649,0.0174319999999999,2.0,1.822714285714284,0.490566037735849,56.46488549618321,16.347121212121213,0.5242718446601942,2.0,1.0,8.1,0
781,10.102527659574466,0.05,0.4970833333333336,33.0,4.0,0.43125,300.0,4.050793650793651,8.0,407.0,0.0,0.0,0.0,0.7654225352112677,136.0,8.0,4.2,0.0174319999999999,2.0,3.6,0.490566037735849,7.5,20.0,0.5242718446601942,1.0,1.4,8.24,1
1385,10.102527659574466,0.05,0.4970833333333336,66.51491228070174,0.0,0.43125,0.0,4.050793650793651,4.0,456.0,0.0173410404624277,0.0,0.0,0.7654225352112677,57.0,5.0,2.58867543859649,0.0174319999999999,2.0,1.4,0.490566037735849,38.0,10.0,0.5242718446601942,2.0,1.0,8.1,0
675,10.102527659574466,0.132351724137931,0.4970833333333336,66.51491228070174,1.3072,0.0,3.0,4.050793650793651,3.6,577.0,0.0173410404624277,0.0161290322580645,0.0,0.7654225352112677,117.89258333333332,42.57557251908397,2.58867543859649,0.0174319999999999,1.0,1.822714285714284,0.490566037735849,56.46488549618321,16.347121212121213,0.5242718446601942,1.0,0.5,7.94,0
836,10.102527659574466,1.1,0.4970833333333336,196.0,22.0,0.43125,300.0,4.050793650793651,5.0,856.0,0.0173410404624277,0.0,0.0,0.7654225352112677,195.0,1041.0,2.58867543859649,0.0174319999999999,8.0,1.822714285714284,0.490566037735849,56.46488549618321,16.347121212121213,0.5242718446601942,8.0,1.9,8.1,1
882,10.102527659574466,0.05,0.4970833333333336,66.51491228070174,1.3072,0.43125,38.01291989664082,4.050793650793651,3.945118733509234,566.0077981651376,0.0173410404624277,0.0161290322580645,0.0,0.7654225352112677,35.0,5.0,2.58867543859649,0.0174319999999999,1.6765578635014835,1.822714285714284,0.490566037735849,56.46488549618321,16.347121212121213,0.5242718446601942,1.6503267973856208,1.3953286384976524,7.65292237442923,0
243,10.102527659574466,0.02,0.4970833333333336,66.51491228070174,1.3072,0.43125,38.01291989664082,4.050793650793651,5.0,532.0,0.0173410404624277,0.0161290322580645,0.0,0.7654225352112677,117.89258333333332,42.57557251908397,2.58867543859649,0.0174319999999999,1.6765578635014835,1.822714285714284,0.490566037735849,56.46488549618321,16.347121212121213,0.5242718446601942,1.6503267973856208,0.5,8.2,0
1083,10.102527659574466,0.132351724137931,0.4970833333333336,66.51491228070174,0.0,0.43125,6.0,4.050793650793651,4.0,596.0,0.0173410404624277,0.0,0.0,0.7654225352112677,20.0,42.57557251908397,2.58867543859649,0.0174319999999999,1.0,1.822714285714284,0.490566037735849,56.46488549618321,16.347121212121213,0.5242718446601942,1.0,1.0,7.7,0
927,10.102527659574466,0.05,0.4970833333333336,66.51491228070174,1.3072,0.0,13.0,4.050793650793651,2.0,385.0,0.0173410404624277,0.0,0.0,1.2,20.0,5.0,2.58867543859649,0.0174319999999999,2.0,1.822714285714284,0.490566037735849,56.46488549618321,16.347121212121213,0.5242718446601942,2.0,1.0,8.0,0
1155,10.102527659574466,0.132351724137931,1.0,66.51491228070174,1.3072,0.0,12.0,4.050793650793651,3.0,673.0,0.0173410404624277,0.0161290322580645,0.0,1.05,23.0,42.57557251908397,2.58867543859649,0.0174319999999999,1.6765578635014835,1.822714285714284,1.0,56.46488549618321,16.347121212121213,2.0,1.6503267973856208,0.5,8.04,0
508,10.102527659574466,0.132351724137931,0.4970833333333336,66.51491228070174,1.3072,0.0,0.0,4.050793650793651,0.0,441.0,0.0173410404624277,0.0161290322580645,0.0,0.7654225352112677,20.0,10.0,2.58867543859649,0.0174319999999999,1.0,1.822714285714284,0.490566037735849,56.46488549618321,16.347121212121213,0.5242718446601942,1.0,1.0,7.5,0
703,10.102527659574466,0.13,0.4970833333333336,66.51491228070174,0.0,0.0,26.0,4.050793650793651,6.0,626.0,0.0,0.0,0.0,0.7654225352112677,120.0,29.0,2.58867543859649,0.0174319999999999,2.0,4.0,1.0,56.46488549618321,16.347121212121213,1.0,2.0,1.0,7.3,0
1413,10.102527659574466,0.132351724137931,0.4970833333333336,66.51491228070174,1.3072,0.0,8.0,4.050793650793651,3.0,623.0,0.0173410404624277,0.0161290322580645,0.0,0.7654225352112677,130.0,37.0,2.58867543859649,0.0174319999999999,1.6765578635014835,1.822714285714284,1.0,56.46488549618321,16.347121212121213,1.0,1.6503267973856208,0.5,7.51,0
1031,10.102527659574466,0.23,0.4970833333333336,66.51491228070174,0.0,0.43125,18.0,4.050793650793651,11.3,149.0,0.0173410404624277,0.0,0.0,0.7654225352112677,131.0,17.0,2.58867543859649,0.0174319999999999,2.0,1.822714285714284,0.490566037735849,56.46488549618321,16.347121212121213,0.5242718446601942,2.0,2.2,8.2,0
335,10.102527659574466,0.05,0.4970833333333336,66.51491228070174,1.3072,0.0,0.0,4.050793650793651,0.0,540.0,0.0,0.0161290322580645,0.0,0.7654225352112677,64.0,10.0,2.58867543859649,0.0174319999999999,1.0,1.822714285714284,0.490566037735849,56.46488549618321,16.347121212121213,0.5242718446601942,1.0,1.0,7.2,0
384,10.0,0.05,0.2,45.0,1.3072,0.0,9.0,4.050793650793651,0.0,796.0,0.0,0.0161290322580645,0.0,0.4,52.0,10.0,1.0,0.002,1.0,1.2,0.490566037735849,29.0,105.0,0.5242718446601942,1.0,1.0,7.8,0
326,10.102527659574466,0.05,0.4970833333333336,66.51491228070174,1.3072,0.0,0.0,4.050793650793651,0.0,582.0,0.0173410404624277,0.0161290322580645,0.0,0.7654225352112677,20.0,42.57557251908397,2.58867543859649,0.0174319999999999,1.0,1.822714285714284,0.490566037735849,56.46488549618321,16.347121212121213,0.5242718446601942,1.0,1.0,7.3,0
342,10.102527659574466,0.05,0.4970833333333336,66.51491228070174,1.3072,0.0,4.0,4.050793650793651,0.0,457.0,0.0173410404624277,0.0161290322580645,0.0,0.7654225352112677,20.0,42.57557251908397,2.58867543859649,0.0174319999999999,1.0,1.822714285714284,0.490566037735849,56.46488549618321,16.347121212121213,0.5242718446601942,1.0,1.0,7.5,0
199,10.102527659574466,0.05,0.4970833333333336,66.51491228070174,1.3072,0.0,0.0,4.050793650793651,0.0,493.0,0.0,0.0161290322580645,0.0,0.7654225352112677,34.0,32.0,2.58867543859649,0.0174319999999999,1.0,2.6,0.490566037735849,5.7,1.0,0.5242718446601942,1.0,1.0,7.2,0
282,10.102527659574466,0.132351724137931,0.4970833333333336,66.51491228070174,1.3072,0.0,0.0,4.050793650793651,0.0,660.0,0.0,0.0161290322580645,0.0,0.7654225352112677,117.89258333333332,10.0,2.58867543859649,0.0174319999999999,1.6765578635014835,1.3,0.490566037735849,14.0,1.0,0.5242718446601942,1.0,1.0,7.2,0
1135,5.0,0.08,0.031,10.5,1.3072,0.0,67.0,4.050793650793651,15.0,559.0,0.0,0.0161290322580645,0.0,0.63,477.0,30.0,1.0,0.008,1.0,2.18,0.490566037735849,7.7,14.3,0.5242718446601942,1.6503267973856208,2.65,7.41,1
1939,10.102527659574466,0.132351724137931,0.4970833333333336,66.51491228070174,1.3072,0.0,0.0,4.050793650793651,0.0,347.0,0.0173410404624277,0.0161290322580645,0.0,0.7654225352112677,608.0,42.57557251908397,2.58867543859649,0.0174319999999999,1.0,1.822714285714284,0.490566037735849,56.46488549618321,16.347121212121213,0.5242718446601942,1.0,6.4,7.5,1
1322,10.102527659574466,0.132351724137931,0.4970833333333336,66.51491228070174,1.3072,0.0,43.0,4.050793650793651,3.0,916.0,0.0173410404624277,0.0161290322580645,0.0,1.3,21.0,42.57557251908397,2.58867543859649,0.0174319999999999,1.6765578635014835,1.822714285714284,1.0,56.46488549618321,16.347121212121213,1.0,1.6503267973856208,0.5,7.49,0
1109,10.102527659574466,0.18,0.4970833333333336,66.51491228070174,0.0,0.43125,0.0,4.050793650793651,15.0,259.0,0.0173410404624277,0.0,0.0,0.7654225352112677,340.0,42.57557251908397,2.58867543859649,0.0174319999999999,2.0,1.822714285714284,0.490566037735849,56.46488549618321,16.347121212121213,0.5242718446601942,2.0,1.4,8.1,1
723,5.0,0.09,0.026,23.0,1.3072,0.0,300.0,4.050793650793651,3.0,716.0,0.0,0.0161290322580645,0.0,0.43,80.0,29.0,0.22,0.035,1.0,1.04,1.0,25.0,47.0,1.0,1.6503267973856208,0.5,7.66,0
940,5.0,0.21,0.2,43.0,16.0,0.43125,0.0,4.050793650793651,4.0,379.0,0.0,0.0,0.0,0.73,200.0,136.8,0.5,0.01,4.0,0.8,0.490566037735849,36.2,9.0,0.5242718446601942,4.0,1.0,8.0,1
503,10.0,0.05,0.1,1.1,1.3072,0.0,0.0,4.050793650793651,0.0,405.0,0.0,0.0161290322580645,0.0,0.3,20.0,10.0,1.0,0.002,1.0,0.9,0.490566037735849,108.0,3.1,0.5242718446601942,1.0,1.1,7.5,0
1736,10.102527659574466,0.08,0.4970833333333336,66.51491228070174,1.3072,0.0,3.0,4.050793650793651,8.6,669.0,0.0,0.0161290322580645,0.0,0.7654225352112677,49.8,30.0,2.58867543859649,0.0174319999999999,3.0,1.822714285714284,0.490566037735849,56.46488549618321,16.347121212121213,0.5242718446601942,1.6503267973856208,0.5,7.33,0
1100,10.102527659574466,1.2,0.4970833333333336,136.0,0.0,0.43125,300.0,4.050793650793651,13.0,806.0,0.0,0.0,0.0,0.69,40.0,5.0,2.7,0.227,2.0,4.8,0.490566037735849,73.7,3.0,0.5242718446601942,2.0,1.0,7.9,1
322,10.102527659574466,0.05,0.1,66.51491228070174,1.3072,0.0,46.0,4.050793650793651,0.0,354.0,0.0,0.0161290322580645,0.0,0.45,20.0,175.0,2.58867543859649,0.0174319999999999,1.0,2.2,0.490566037735849,6.2,12.0,0.5242718446601942,1.6503267973856208,1.0,7.3,1
187,10.102527659574466,0.05,0.4970833333333336,66.51491228070174,1.3072,0.0,0.0,4.050793650793651,0.0,498.0,0.0173410404624277,0.0161290322580645,0.0,0.7654225352112677,20.0,10.0,2.58867543859649,0.0174319999999999,1.0,1.822714285714284,0.490566037735849,56.46488549618321,16.347121212121213,0.5242718446601942,1.0,1.0,7.6,0
1154,10.102527659574466,0.05,0.998,66.51491228070174,1.3072,0.0,10.0,4.050793650793651,3.0,324.0,0.0173410404624277,0.0161290322580645,0.0,0.84,117.89258333333332,42.57557251908397,2.58867543859649,0.0174319999999999,1.6765578635014835,1.822714285714284,1.0,56.46488549618321,16.347121212121213,1.0,1.6503267973856208,0.5,7.94,0
165,5.0,0.08,0.2,226.0,1.3072,0.0,4.0,4.050793650793651,7.8,1170.0,0.0,0.0161290322580645,0.0,0.45,74.0,30.0,1.0,0.004,1.0,1.66,0.490566037735849,126.1,13.8,0.5242718446601942,1.0,0.5,7.91,0
545,10.0,0.05,0.1,18.0,1.3072,0.0,16.0,4.050793650793651,0.0,390.0,0.0,0.0161290322580645,0.0,0.2,20.0,10.0,35.0,0.003,1.0,1.3,0.490566037735849,6.8,25.0,0.5242718446601942,1.0,1.0,7.5,0
1524,10.102527659574466,0.132351724137931,0.4970833333333336,66.51491228070174,1.3072,0.0,0.0,4.050793650793651,0.0,313.0,0.0173410404624277,0.0161290322580645,0.0,0.7654225352112677,20.0,90.0,2.58867543859649,0.0174319999999999,1.0,1.822714285714284,0.490566037735849,56.46488549618321,16.347121212121213,0.5242718446601942,1.0,1.0,7.3,1
2209,5.0,0.132351724137931,0.1,58.0,1.3072,0.0,300.0,4.050793650793651,4.0,821.0,0.0173410404624277,0.0161290322580645,0.0,0.73,100.0,20.0,0.2,0.003,1.6765578635014835,1.822714285714284,1.0,56.46488549618321,16.347121212121213,1.0,1.6503267973856208,0.5,6.99,0
587,10.102527659574466,0.09,0.4970833333333336,66.51491228070174,1.3072,0.0,3.0,4.5,3.945118733509234,421.0,0.0173410404624277,0.0161290322580645,0.0,0.7654225352112677,141.0,42.57557251908397,2.58867543859649,0.0174319999999999,1.6765578635014835,1.822714285714284,0.0,56.46488549618321,16.347121212121213,0.0,1.6503267973856208,0.7,7.9,0
827,10.102527659574466,0.132351724137931,0.4970833333333336,66.51491228070174,2.0,0.43125,142.0,4.050793650793651,7.0,465.0,0.0173410404624277,0.0,0.0,0.7654225352112677,144.0,32.0,2.58867543859649,0.0174319999999999,2.0,1.822714285714284,0.490566037735849,56.46488549618321,16.347121212121213,0.5242718446601942,2.0,1.0,8.2,1
923,10.102527659574466,0.14,0.4970833333333336,66.51491228070174,1.3072,0.0,38.01291989664082,4.050793650793651,2.0,495.0,0.0173410404624277,0.0161290322580645,0.0,1.2,20.0,5.0,2.58867543859649,0.0174319999999999,2.0,1.822714285714284,0.490566037735849,56.46488549618321,16.347121212121213,0.5242718446601942,2.0,1.0,8.1,0
298,10.102527659574466,0.132351724137931,0.4970833333333336,66.51491228070174,1.3072,0.0,43.0,4.050793650793651,0.0,459.0,0.0173410404624277,0.0161290322580645,0.0,0.7654225352112677,20.0,10.0,2.58867543859649,0.0174319999999999,1.0,1.822714285714284,0.490566037735849,56.46488549618321,16.347121212121213,0.5242718446601942,1.0,1.0,7.4,0
494,10.102527659574466,0.05,0.4970833333333336,66.51491228070174,1.3072,0.0,0.0,2.1,3.945118733509234,481.0,0.0173410404624277,0.0161290322580645,0.0,0.7654225352112677,20.0,42.57557251908397,2.58867543859649,0.0174319999999999,1.6765578635014835,1.822714285714284,0.0,56.46488549618321,16.347121212121213,0.0,1.6503267973856208,0.9,7.7,0
1669,10.102527659574466,0.05,0.4970833333333336,66.51491228070174,1.3072,0.0,0.0,4.050793650793651,0.0,497.0,0.0,0.0161290322580645,0.0,0.7654225352112677,20.0,10.0,2.58867543859649,0.0174319999999999,1.0,2.9,0.490566037735849,128.0,19.0,0.5242718446601942,1.6503267973856208,1.0,7.1,0
726,10.102527659574466,0.5,1.0,30.0,1.3072,0.0,27.0,4.050793650793651,3.0,635.0,0.0173410404624277,0.0161290322580645,0.0,1.5,170.0,20.0,0.2,0.017,1.6765578635014835,1.12,2.0,77.0,2.0,2.0,1.6503267973856208,0.5,7.73,0
584,10.102527659574466,0.25,0.4970833333333336,66.51491228070174,1.3072,0.0,0.0,5.0,3.945118733509234,1230.0,0.0,0.0161290322580645,0.0,0.7654225352112677,117.89258333333332,42.57557251908397,2.58867543859649,0.0174319999999999,1.6765578635014835,1.822714285714284,0.0,56.46488549618321,16.347121212121213,1.0,1.6503267973856208,1.0,8.1,0
1249,10.102527659574466,0.05,0.4970833333333336,66.51491228070174,0.0,0.43125,300.0,4.050793650793651,4.0,962.0,0.0173410404624277,0.0,0.0,0.7654225352112677,42.0,796.7,2.58867543859649,0.0174319999999999,2.0,1.822714285714284,0.490566037735849,56.46488549618321,16.347121212121213,0.5242718446601942,2.0,1.0,7.7,1
926,5.0,0.05,0.76,58.0,1.3072,0.43125,38.01291989664082,4.050793650793651,2.0,503.0,0.0173410404624277,0.0161290322580645,0.0,1.3,28.3,2.0,0.61,0.01,2.0,1.5,0.490566037735849,71.3,3.0,0.5242718446601942,2.0,1.0,8.1,0
445,10.102527659574466,0.132351724137931,0.4970833333333336,66.51491228070174,1.3072,0.0,61.0,4.050793650793651,0.0,466.0,0.0173410404624277,0.0161290322580645,0.0,0.7654225352112677,20.0,10.0,2.58867543859649,0.0174319999999999,1.0,1.822714285714284,0.490566037735849,56.46488549618321,16.347121212121213,0.5242718446601942,1.0,1.0,7.5,0
1223,10.102527659574466,0.132351724137931,0.4970833333333336,66.51491228070174,1.3072,0.0,0.0,4.050793650793651,0.0,567.0,0.0173410404624277,0.0161290322580645,0.0,0.7654225352112677,20.0,42.57557251908397,2.58867543859649,0.0174319999999999,1.0,1.822714285714284,0.490566037735849,56.46488549618321,16.347121212121213,0.5242718446601942,1.0,1.0,7.4,0
731,5.0,3.3,0.4970833333333336,9.0,0.0,0.43125,300.0,4.050793650793651,15.0,697.0,0.0,0.0,0.0,1.49,170.0,2.0,0.5,0.01,4.0,4.5,0.490566037735849,38.9,3.0,0.5242718446601942,4.0,1.0,7.9,1
885,10.0,0.11,0.1,20.0,1.3072,44.0,50.0,5.9,0.0,655.0,0.0,0.0161290322580645,0.0,0.2,53.0,20.0,47.0,0.002,1.0,1.0,0.0,7.3,34.0,0.0,1.0,1.2,7.7,1
1490,10.102527659574466,0.05,0.4970833333333336,348.0,0.0,0.43125,38.01291989664082,4.050793650793651,19.0,1693.0,0.0173410404624277,0.0,0.0,0.7654225352112677,117.89258333333332,42.57557251908397,2.58867543859649,0.0174319999999999,2.0,1.822714285714284,0.490566037735849,56.46488549618321,16.347121212121213,0.5242718446601942,2.0,1.0,7.1,1
510,10.102527659574466,0.132351724137931,0.4970833333333336,66.51491228070174,1.3072,0.0,0.0,4.050793650793651,0.0,455.0,0.0173410404624277,0.0161290322580645,0.0,0.7654225352112677,20.0,25.0,2.58867543859649,0.0174319999999999,1.0,1.822714285714284,0.490566037735849,56.46488549618321,16.347121212121213,0.5242718446601942,1.0,1.0,7.8,0
1714,10.102527659574466,0.5,0.4970833333333336,66.51491228070174,1.3072,0.0,0.0,5.0,3.945118733509234,503.0,0.0173410404624277,0.0161290322580645,0.0,0.7654225352112677,199.0,42.57557251908397,1.1,0.006,1.6765578635014835,1.822714285714284,0.0,56.46488549618321,16.347121212121213,0.0,1.6503267973856208,1.3953286384976524,7.56,0
1375,10.102527659574466,0.132351724137931,0.4970833333333336,66.51491228070174,0.0,0.43125,20.0,4.050793650793651,6.0,627.0,0.0173410404624277,0.0,0.0,0.7654225352112677,20.0,5.0,2.58867543859649,0.0174319999999999,2.0,1.822714285714284,0.490566037735849,56.46488549618321,16.347121212121213,0.5242718446601942,2.0,1.0,7.9,0
1767,10.102527659574466,0.08,0.4970833333333336,66.51491228070174,1.3072,0.0,38.01291989664082,4.050793650793651,8.5,788.0,0.0173410404624277,0.0161290322580645,0.0,0.7654225352112677,117.89258333333332,42.57557251908397,2.58867543859649,0.0174319999999999,1.0,1.822714285714284,0.490566037735849,56.46488549618321,16.347121212121213,0.5242718446601942,1.0,0.5,7.5,0
921,10.102527659574466,0.132351724137931,0.4970833333333336,66.51491228070174,1.3072,0.0,21.0,2.0,3.945118733509234,669.0,0.0,0.0161290322580645,0.0,0.7654225352112677,130.0,42.57557251908397,2.58867543859649,0.0174319999999999,1.0,1.822714285714284,0.490566037735849,56.46488549618321,16.347121212121213,0.5242718446601942,1.0,0.18,8.2,0
1411,10.102527659574466,0.132351724137931,0.4970833333333336,66.51491228070174,1.3072,0.0,5.0,4.050793650793651,4.0,712.0,0.0173410404624277,0.0161290322580645,0.0,0.7654225352112677,18.0,42.57557251908397,2.58867543859649,0.0174319999999999,1.6765578635014835,1.822714285714284,1.0,56.46488549618321,16.347121212121213,1.0,1.6503267973856208,0.5,7.4,0
300,5.0,0.05,0.009,12.0,2.0,0.0,28.0,4.050793650793651,5.0,669.0,0.0,0.0,0.0,0.15,80.0,2.0,4.4,0.01,4.0,2.2,0.490566037735849,4.5,57.0,0.5242718446601942,4.0,3.1,7.6,1
292,10.102527659574466,0.05,0.4970833333333336,66.51491228070174,1.3072,0.0,6.0,4.050793650793651,0.0,473.0,0.0173410404624277,0.0161290322580645,0.0,0.7654225352112677,29.0,42.57557251908397,2.58867543859649,0.0174319999999999,1.0,1.822714285714284,0.490566037735849,56.46488549618321,16.347121212121213,0.5242718446601942,1.0,1.0,7.5,0
294,10.102527659574466,0.05,0.4970833333333336,66.51491228070174,1.3072,0.0,0.0,4.050793650793651,0.0,492.0,0.0,0.0161290322580645,0.0,0.7654225352112677,20.0,42.57557251908397,2.58867543859649,0.0174319999999999,1.0,1.822714285714284,0.490566037735849,56.46488549618321,16.347121212121213,0.5242718446601942,1.0,1.0,7.4,0
1352,5.0,0.24,0.556,42.0,1.3072,0.43125,38.01291989664082,4.050793650793651,2.0,446.0,0.0173410404624277,0.0161290322580645,0.0,0.81,165.0,19.0,0.45,0.01,4.0,0.64,0.490566037735849,49.3,7.0,0.5242718446601942,4.0,1.0,7.9,0
1171,10.102527659574466,0.05,0.4970833333333336,66.51491228070174,0.0,0.43125,14.0,4.050793650793651,15.0,473.0,0.0173410404624277,0.0,0.0,0.46,25.0,5.0,2.58867543859649,0.0174319999999999,2.0,1.822714285714284,0.490566037735849,56.46488549618321,16.347121212121213,0.5242718446601942,2.0,1.0,7.7,0
519,10.102527659574466,0.132351724137931,0.4970833333333336,66.51491228070174,1.3072,0.0,0.0,4.050793650793651,0.0,276.0,0.0173410404624277,0.0161290322580645,0.0,0.7654225352112677,20.0,10.0,2.58867543859649,0.0174319999999999,1.0,1.822714285714284,0.490566037735849,56.46488549618321,16.347121212121213,0.5242718446601942,1.0,1.0,7.3,0
819,5.0,0.23,0.188,10.0,0.0,0.43125,227.0,4.050793650793651,9.0,634.0,0.0,0.0,0.0,0.92,155.0,17.2,3.4,0.059,4.0,2.5,0.490566037735849,37.0,15.0,0.5242718446601942,4.0,1.1,7.7,0
438,10.102527659574466,0.132351724137931,0.4970833333333336,66.51491228070174,1.3072,0.0,0.0,4.050793650793651,0.0,596.0,0.0173410404624277,0.0161290322580645,0.0,0.7654225352112677,20.0,15.0,2.58867543859649,0.0174319999999999,1.0,1.822714285714284,0.490566037735849,56.46488549618321,16.347121212121213,0.5242718446601942,1.0,1.0,7.4,0
1395,10.102527659574466,0.132351724137931,0.4970833333333336,66.51491228070174,1.3072,0.0,0.0,4.050793650793651,0.0,413.0,0.0173410404624277,0.0161290322580645,0.0,0.7654225352112677,20.0,10.0,2.58867543859649,0.0174319999999999,1.0,1.822714285714284,0.490566037735849,56.46488549618321,16.347121212121213,0.5242718446601942,1.0,1.0,7.3,0
1316,5.0,0.05,1.82,106.0,1.3072,0.0,3.0,4.050793650793651,2.9,692.0,0.0173410404624277,0.0161290322580645,0.0,1.6,106.0,2.0,0.5,0.01,1.0,1.3,0.490566037735849,102.1,30.0,0.5242718446601942,1.6503267973856208,1.0,8.47,1
312,10.102527659574466,0.05,0.4970833333333336,66.51491228070174,1.3072,0.0,0.0,4.050793650793651,0.0,737.0,0.0173410404624277,0.0161290322580645,0.0,0.7654225352112677,20.0,42.57557251908397,2.58867543859649,0.0174319999999999,1.0,1.822714285714284,0.490566037735849,56.46488549618321,16.347121212121213,0.5242718446601942,1.0,1.0,7.2,0
1291,10.102527659574466,0.08,0.4970833333333336,66.51491228070174,1.3072,0.0,38.01291989664082,4.050793650793651,8.0,548.0,0.0,0.0161290322580645,0.0,0.7654225352112677,117.89258333333332,42.57557251908397,2.58867543859649,0.0174319999999999,1.0,1.822714285714284,0.490566037735849,56.46488549618321,16.347121212121213,0.5242718446601942,1.0,0.5,8.01,0
880,5.0,0.28,0.653,56.0,0.0,0.43125,0.0,4.050793650793651,2.0,491.0,0.0,0.0,0.0,0.67,18.0,30.3,0.45,0.01,2.0,1.2,0.490566037735849,57.9,3.0,0.5242718446601942,2.0,1.0,7.8,0
421,40.0,0.177,0.02,37.5,0.0,0.0,49.0,4.050793650793651,13.3,386.0,0.0,0.0161290322580645,0.0,0.15,128.0,30.0,1.39,0.384,2.0,3.2,1.0,13.4,23.9,1.0,1.6503267973856208,1.05,7.54,0
670,10.102527659574466,0.11,0.4970833333333336,177.0,1.3072,0.0,3.0,4.050793650793651,7.7,885.0,0.0,0.0161290322580645,0.0,0.42,531.0,81.3,1.0,0.008,1.0,1.92,0.490566037735849,56.46488549618321,2.8,0.5242718446601942,1.0,2.35,8.18,1
348,10.102527659574466,0.354,0.4970833333333336,66.51491228070174,0.0,0.43125,57.0,4.050793650793651,12.0,640.0,0.0,0.0,0.0,0.7654225352112677,192.0,26.0,1.7,0.017,1.0,1.822714285714284,0.490566037735849,56.46488549618321,16.347121212121213,0.5242718446601942,1.0,1.9,8.13,0
290,10.102527659574466,0.05,0.4970833333333336,66.51491228070174,1.3072,0.0,5.0,4.050793650793651,0.0,581.0,0.0173410404624277,0.0161290322580645,0.0,0.7654225352112677,88.0,42.57557251908397,2.58867543859649,0.0174319999999999,1.0,1.822714285714284,0.490566037735849,56.46488549618321,16.347121212121213,0.5242718446601942,1.0,1.0,7.6,0
2301,5.0,0.05,0.072,107.0,0.0,0.43125,32.0,4.050793650793651,4.0,650.0,0.0,0.0,0.0,0.61,99.0,5.0,0.45,0.01,2.0,0.8,0.490566037735849,53.5,9.0,0.5242718446601942,2.0,1.0,8.0,0
416,10.0,0.05,0.4970833333333336,4.7,1.3072,0.0,22.0,4.050793650793651,0.0,357.0,0.0,0.0161290322580645,0.0,0.7654225352112677,640.0,10.0,2.58867543859649,0.0174319999999999,1.0,2.6,0.490566037735849,4.5,4.5,0.5242718446601942,1.0,8.3,7.5,1
1240,10.102527659574466,0.13,0.4970833333333336,66.51491228070174,0.0,0.43125,300.0,4.050793650793651,14.0,228.0,0.0173410404624277,0.0,0.0,0.7654225352112677,120.0,5.0,2.58867543859649,0.0174319999999999,8.0,1.822714285714284,0.490566037735849,56.46488549618321,16.347121212121213,0.5242718446601942,8.0,1.0,7.6,0
267,10.102527659574466,0.132351724137931,0.4970833333333336,66.51491228070174,1.3072,0.0,12.0,4.050793650793651,0.0,267.0,0.0173410404624277,0.0161290322580645,0.0,0.7654225352112677,26.0,10.0,2.58867543859649,0.0174319999999999,1.0,1.822714285714284,0.490566037735849,56.46488549618321,16.347121212121213,0.5242718446601942,1.0,1.0,7.4,0
392,10.0,0.05,0.1,1.0,1.3072,4.0,0.0,4.050793650793651,0.0,315.0,0.0,0.0161290322580645,0.0,0.3,20.0,10.0,1.0,0.002,1.0,1.2,0.490566037735849,2.8,2.0,0.5242718446601942,1.0,1.0,7.4,1
457,10.102527659574466,0.12,0.4970833333333336,66.51491228070174,1.3072,70.0,4.0,3.6,3.945118733509234,599.0,0.0,0.0161290322580645,0.0,0.36,513.0,25.0,2.58867543859649,0.0174319999999999,1.6765578635014835,1.822714285714284,0.0,56.46488549618321,16.347121212121213,0.0,1.6503267973856208,4.2,7.5,1
892,10.102527659574466,0.05,0.4970833333333336,66.51491228070174,1.3072,0.0,38.01291989664082,1.5,3.945118733509234,487.0,0.0173410404624277,0.0161290322580645,0.0,0.7654225352112677,29.0,20.0,2.58867543859649,0.0174319999999999,1.6765578635014835,1.822714285714284,0.0,56.46488549618321,16.347121212121213,0.0,1.6503267973856208,0.2,7.6,0
1378,10.102527659574466,0.24,0.4970833333333336,66.51491228070174,1.3072,0.0,300.0,4.050793650793651,0.0,462.0,0.0,0.0161290322580645,0.0,0.7654225352112677,43.0,16.0,2.58867543859649,0.0174319999999999,1.0,2.6,0.490566037735849,85.0,1.0,0.5242718446601942,1.0,1.0,7.5,0
359,10.102527659574466,0.132351724137931,0.4970833333333336,66.51491228070174,1.3072,0.0,15.0,2.0,3.945118733509234,448.0,0.0,0.0161290322580645,0.0,1.2,100.0,42.57557251908397,2.58867543859649,0.0174319999999999,1.0,1.822714285714284,0.490566037735849,56.46488549618321,16.347121212121213,0.5242718446601942,1.0,0.18,7.7,0
609,10.102527659574466,0.132351724137931,0.4970833333333336,66.51491228070174,1.3072,0.0,51.0,4.050793650793651,0.0,573.0,0.0173410404624277,0.0161290322580645,0.0,0.7654225352112677,20.0,30.0,2.58867543859649,0.0174319999999999,1.0,1.822714285714284,0.490566037735849,56.46488549618321,16.347121212121213,0.5242718446601942,1.0,1.0,7.3,0
595,10.102527659574466,0.132351724137931,0.4970833333333336,66.51491228070174,1.3072,0.0,0.0,4.050793650793651,0.0,530.0,0.0173410404624277,0.0161290322580645,0.0,0.7654225352112677,20.0,42.57557251908397,2.58867543859649,0.0174319999999999,1.0,1.822714285714284,0.490566037735849,56.46488549618321,16.347121212121213,0.5242718446601942,1.0,1.0,7.2,0
752,5.0,0.1,0.4970833333333336,225.0,0.0,0.0,87.0,4.050793650793651,10.2,1018.0,0.0,0.0,0.0,0.84,198.4,30.0,1.0,0.008,1.0,1.02,0.490566037735849,107.9,2.8,0.5242718446601942,1.0,1.73,8.13,0
182,5.0,0.21,0.1,81.9,1.3072,0.0,89.0,4.050793650793651,10.6,757.0,0.0,0.0161290322580645,0.0,0.58,59.2,30.0,1.0,0.004,5.0,2.26,0.490566037735849,50.4,2.8,0.5242718446601942,5.0,1.89,7.8,0
1224,10.102527659574466,0.132351724137931,0.4970833333333336,66.51491228070174,1.3072,0.0,6.0,4.050793650793651,0.0,591.0,0.0173410404624277,0.0161290322580645,0.0,0.7654225352112677,117.89258333333332,42.57557251908397,2.58867543859649,0.0174319999999999,1.0,1.822714285714284,0.490566037735849,56.46488549618321,16.347121212121213,0.5242718446601942,1.0,1.0,7.4,0
461,10.102527659574466,0.05,0.4970833333333336,66.51491228070174,1.3072,0.0,4.0,4.050793650793651,0.0,573.0,0.0173410404624277,0.0161290322580645,0.0,0.7654225352112677,91.0,42.57557251908397,2.58867543859649,0.0174319999999999,1.0,1.822714285714284,0.490566037735849,56.46488549618321,16.347121212121213,0.5242718446601942,1.0,1.0,7.2,0
533,10.102527659574466,0.05,0.4970833333333336,66.51491228070174,1.3072,0.0,4.0,4.050793650793651,0.0,549.0,0.0173410404624277,0.0161290322580645,0.0,0.7654225352112677,65.0,10.0,2.58867543859649,0.0174319999999999,1.0,1.822714285714284,0.490566037735849,56.46488549618321,16.347121212121213,0.5242718446601942,1.0,1.0,7.0,0
1194,10.102527659574466,0.132351724137931,0.4970833333333336,66.51491228070174,0.0,0.43125,41.0,4.050793650793651,5.0,664.0,0.0173410404624277,0.0,0.0,0.7654225352112677,20.0,42.57557251908397,2.58867543859649,0.0174319999999999,2.0,1.822714285714284,0.490566037735849,56.46488549618321,16.347121212121213,0.5242718446601942,2.0,1.0,7.7,0
260,10.102527659574466,0.05,0.4970833333333336,66.51491228070174,1.3072,0.0,0.0,4.050793650793651,0.0,477.0,0.0173410404624277,0.0161290322580645,0.0,0.7654225352112677,20.0,42.57557251908397,2.58867543859649,0.0174319999999999,1.0,1.822714285714284,0.490566037735849,56.46488549618321,16.347121212121213,0.5242718446601942,1.0,1.0,7.4,0
1792,10.102527659574466,0.08,0.4970833333333336,66.51491228070174,1.3072,0.0,0.0,4.050793650793651,8.8,791.0,0.0,0.0161290322580645,0.0,0.7654225352112677,117.89258333333332,42.57557251908397,2.58867543859649,0.0174319999999999,1.0,1.822714285714284,0.490566037735849,56.46488549618321,16.347121212121213,0.5242718446601942,1.0,0.95,7.12,0
845,5.0,0.05,0.2,31.0,0.0,0.43125,9.0,4.050793650793651,5.0,350.0,3.0,0.0,0.0,0.7,29.0,50.0,0.66,0.01,4.0,1.1,0.490566037735849,31.1,19.0,0.5242718446601942,4.0,1.0,8.1,1
370,10.102527659574466,0.05,0.4970833333333336,66.51491228070174,1.3072,0.0,0.0,4.050793650793651,0.0,652.0,0.0173410404624277,0.0161290322580645,0.0,0.7654225352112677,22.0,42.57557251908397,2.58867543859649,0.0174319999999999,1.0,1.822714285714284,0.490566037735849,56.46488549618321,16.347121212121213,0.5242718446601942,1.0,1.0,7.3,0
1595,10.102527659574466,0.132351724137931,0.255,5.4,1.3072,0.0,49.0,4.050793650793651,14.0,799.0,0.0173410404624277,0.0161290322580645,0.0,0.41,10.0,38.0,0.2,0.003,1.6765578635014835,3.92,1.0,56.46488549618321,16.347121212121213,2.0,1.6503267973856208,0.5,7.29,0
1774,10.102527659574466,0.52,0.4970833333333336,139.0,0.0,0.43125,4.0,4.050793650793651,4.0,736.0,0.0,0.0,0.0,0.45,200.0,50.0,0.5,0.01,4.0,2.2,0.490566037735849,44.9,10.0,0.5242718446601942,1.6503267973856208,1.0,8.1,1
1132,10.102527659574466,0.05,0.4970833333333336,66.51491228070174,1.3072,0.0,4.0,5.0,3.945118733509234,391.0,0.0,0.0161290322580645,0.0,0.7654225352112677,58.0,35.3,2.58867543859649,0.0174319999999999,1.6765578635014835,1.822714285714284,0.0,56.46488549618321,16.347121212121213,0.0,1.6503267973856208,1.3953286384976524,7.92,0
1784,10.102527659574466,0.08,0.4970833333333336,66.51491228070174,1.3072,0.0,38.01291989664082,4.050793650793651,6.6,615.0,0.0173410404624277,0.0161290322580645,0.0,0.7654225352112677,117.89258333333332,42.57557251908397,2.58867543859649,0.0174319999999999,1.0,1.822714285714284,0.490566037735849,56.46488549618321,16.347121212121213,0.5242718446601942,1.0,0.97,7.56,0
1585,10.102527659574466,0.05,0.4970833333333336,66.51491228070174,1.3072,0.0,0.0,4.050793650793651,0.0,603.0,0.0173410404624277,0.0161290322580645,0.0,0.7654225352112677,20.0,11.0,2.58867543859649,0.0174319999999999,1.0,1.822714285714284,0.490566037735849,56.46488549618321,16.347121212121213,0.5242718446601942,1.0,1.0,7.2,0
1770,5.0,0.17,0.016,4.0,1.3072,0.0,38.01291989664082,4.050793650793651,12.4,180.4,0.0,0.0161290322580645,0.0,0.37,544.0,30.0,1.0,0.013,1.0,1.7,0.490566037735849,5.8,2.8,0.5242718446601942,1.0,1.2,7.78,1
1000,10.102527659574466,0.08,0.4970833333333336,66.51491228070174,1.3072,0.0,38.01291989664082,4.050793650793651,7.4,557.0,0.0173410404624277,0.0161290322580645,0.0,0.7654225352112677,117.89258333333332,42.57557251908397,2.58867543859649,0.0174319999999999,1.0,1.822714285714284,0.490566037735849,56.46488549618321,16.347121212121213,0.5242718446601942,1.0,0.73,7.39,0
644,10.102527659574466,0.132351724137931,0.4970833333333336,66.51491228070174,1.3072,0.0,26.0,4.050793650793651,0.0,429.0,0.0173410404624277,0.0161290322580645,0.0,0.7654225352112677,111.0,42.0,2.58867543859649,0.0174319999999999,1.0,1.822714285714284,0.490566037735849,56.46488549618321,16.347121212121213,0.5242718446601942,1.0,1.3,7.4,0
302,5.0,0.19,0.648,67.0,0.0,0.43125,60.0,4.050793650793651,2.0,644.0,0.0,0.0,0.0,0.76,19.0,2.0,0.45,0.01,2.0,1.4,0.490566037735849,61.3,3.0,0.5242718446601942,2.0,1.0,8.0,0
2108,10.0,0.05,0.1,1.4,1.3072,0.0,6.0,4.050793650793651,0.0,441.0,0.0,0.0161290322580645,0.0,0.1,20.0,10.0,1.2,0.002,1.0,1.0,0.490566037735849,2.6,2.0,0.5242718446601942,1.0,1.0,7.6,0
1323,10.102527659574466,0.132351724137931,0.4970833333333336,66.51491228070174,1.3072,0.0,3.0,4.050793650793651,3.0,1013.0,0.0173410404624277,0.0161290322580645,0.0,0.7654225352112677,31.0,42.57557251908397,2.58867543859649,0.0174319999999999,1.6765578635014835,1.822714285714284,1.0,56.46488549618321,16.347121212121213,1.0,1.6503267973856208,0.5,7.28,0
210,10.102527659574466,0.05,0.4970833333333336,66.51491228070174,1.3072,0.0,4.0,4.050793650793651,0.0,504.0,0.0173410404624277,0.0161290322580645,0.0,0.7654225352112677,20.0,10.0,2.58867543859649,0.0174319999999999,1.0,1.822714285714284,0.490566037735849,56.46488549618321,16.347121212121213,0.5242718446601942,1.0,1.0,7.2,0
1820,5.0,0.34,0.4970833333333336,66.51491228070174,1.3072,0.0,38.01291989664082,4.050793650793651,13.9,349.0,0.0173410404624277,0.0161290322580645,0.0,0.7654225352112677,117.89258333333332,42.57557251908397,2.58867543859649,0.0174319999999999,1.0,1.822714285714284,0.490566037735849,11.4,16.347121212121213,0.5242718446601942,1.0,0.5,7.84,0
652,10.102527659574466,0.132351724137931,0.4970833333333336,66.51491228070174,1.3072,0.0,3.0,4.050793650793651,5.9,962.0,0.0173410404624277,0.0161290322580645,0.0,0.7654225352112677,117.89258333333332,42.57557251908397,2.58867543859649,0.0174319999999999,1.0,1.822714285714284,0.490566037735849,56.46488549618321,16.347121212121213,0.5242718446601942,1.0,2.5,7.44,0
338,10.102527659574466,0.05,0.4970833333333336,66.51491228070174,1.3072,0.0,38.01291989664082,4.050793650793651,0.0,555.0,0.0173410404624277,0.0161290322580645,0.0,0.7654225352112677,20.0,10.0,2.58867543859649,0.0174319999999999,1.0,0.8,0.490566037735849,56.46488549618321,2.9,0.5242718446601942,1.0,1.0,7.3,0
1044,5.0,0.05,3.4,135.0,0.0,0.0,173.0,4.050793650793651,2.0,807.0,0.0,0.0,0.0,0.66,37.0,28.0,0.5,0.013,2.0,1.2,0.490566037735849,46.8,26.0,0.5242718446601942,2.0,2.4,8.0,1
358,10.102527659574466,0.132351724137931,0.4970833333333336,66.51491228070174,1.3072,0.0,6.0,2.0,3.945118733509234,392.0,0.0,0.0161290322580645,0.0,1.0,80.0,42.57557251908397,2.58867543859649,0.0174319999999999,1.0,1.5,0.490566037735849,56.46488549618321,16.347121212121213,0.5242718446601942,1.0,0.18,7.5,0
505,10.102527659574466,0.132351724137931,0.4970833333333336,66.51491228070174,1.3072,0.0,0.0,4.050793650793651,0.0,325.0,0.0173410404624277,0.0161290322580645,0.0,0.7654225352112677,21.0,10.0,2.58867543859649,0.0174319999999999,1.0,1.822714285714284,0.490566037735849,56.46488549618321,16.347121212121213,0.5242718446601942,1.0,1.0,7.7,0
318,10.102527659574466,0.05,0.4970833333333336,66.51491228070174,1.3072,0.0,0.0,4.050793650793651,0.0,620.0,0.0173410404624277,0.0161290322580645,0.0,0.7654225352112677,20.0,10.0,2.58867543859649,0.0174319999999999,1.0,1.822714285714284,0.490566037735849,56.46488549618321,16.347121212121213,0.5242718446601942,1.0,1.0,7.2,0
514,10.102527659574466,0.132351724137931,0.4970833333333336,66.51491228070174,1.3072,0.0,33.0,4.050793650793651,0.0,301.0,0.0173410404624277,0.0161290322580645,0.0,0.7654225352112677,20.0,10.0,2.58867543859649,0.0174319999999999,1.0,1.822714285714284,0.490566037735849,56.46488549618321,16.347121212121213,0.5242718446601942,1.0,1.0,7.3,0
278,10.0,0.4,0.1,48.0,1.3072,0.0,3.0,10.0,0.0,866.0,0.0,0.0161290322580645,0.0,0.3,41.0,18.0,1.0,0.07,1.0,2.6,0.0,26.0,38.0,0.0,1.0,1.0,7.9,0
698,10.102527659574466,0.132351724137931,0.4970833333333336,66.51491228070174,1.3072,0.0,0.0,4.050793650793651,9.1,654.0,0.0,0.0161290322580645,0.0,0.7654225352112677,117.89258333333332,42.57557251908397,2.58867543859649,0.0174319999999999,1.0,1.822714285714284,0.490566037735849,56.46488549618321,16.347121212121213,0.5242718446601942,1.0,0.5,7.15,0
622,10.102527659574466,0.09,0.4970833333333336,66.51491228070174,1.3072,0.0,38.01291989664082,4.050793650793651,7.0,942.0,0.0173410404624277,0.0161290322580645,0.0,0.7654225352112677,97.8,52.1,2.58867543859649,0.0174319999999999,8.0,1.822714285714284,0.490566037735849,56.46488549618321,16.347121212121213,0.5242718446601942,5.0,0.76,7.86,0
1092,10.102527659574466,0.132351724137931,0.4970833333333336,66.51491228070174,0.0,0.43125,168.0,4.050793650793651,5.0,551.0,0.0,0.0,0.0,0.7654225352112677,117.89258333333332,42.57557251908397,2.58867543859649,0.0174319999999999,4.0,1.822714285714284,0.490566037735849,56.46488549618321,16.347121212121213,0.5242718446601942,4.0,1.0,8.1,0
563,10.102527659574466,0.132351724137931,0.4970833333333336,66.51491228070174,1.3072,0.0,12.0,4.050793650793651,0.0,580.0,0.0173410404624277,0.0161290322580645,0.0,0.7654225352112677,22.0,21.0,2.58867543859649,0.0174319999999999,1.0,1.822714285714284,0.490566037735849,56.46488549618321,16.347121212121213,0.5242718446601942,1.0,1.0,7.4,0
216,10.102527659574466,0.132351724137931,0.4970833333333336,66.51491228070174,1.3072,0.0,54.0,4.050793650793651,0.0,495.0,0.0173410404624277,0.0161290322580645,0.0,0.7654225352112677,64.0,62.0,2.58867543859649,0.0174319999999999,1.0,1.822714285714284,0.490566037735849,56.46488549618321,16.347121212121213,0.5242718446601942,1.0,1.0,7.4,1
1107,10.102527659574466,0.132351724137931,0.4970833333333336,66.51491228070174,2.0,0.43125,14.0,4.050793650793651,7.0,652.0,0.0173410404624277,0.0,0.0,0.7654225352112677,386.0,42.57557251908397,2.58867543859649,0.0174319999999999,2.0,1.822714285714284,0.490566037735849,56.46488549618321,16.347121212121213,0.5242718446601942,2.0,2.8,8.0,1
173,36.0,0.06,0.3,6.2,1.3072,0.0,38.01291989664082,4.050793650793651,0.0,412.0,0.0173410404624277,0.0161290322580645,0.0,1.5,86.0,10.0,1.0,0.012,1.0,1.1,0.490566037735849,27.0,9.2,0.5242718446601942,1.0,2.0,7.5,0
511,10.102527659574466,0.132351724137931,0.4970833333333336,66.51491228070174,1.3072,0.0,0.0,4.050793650793651,0.0,325.0,0.0173410404624277,0.0161290322580645,0.0,0.7654225352112677,20.0,169.0,2.58867543859649,0.0174319999999999,1.0,1.822714285714284,0.490566037735849,56.46488549618321,16.347121212121213,0.5242718446601942,1.0,1.0,7.4,1
467,10.102527659574466,0.35,0.4970833333333336,66.51491228070174,1.3072,0.0,46.0,7.3,5.0,607.0,0.0173410404624277,0.0161290322580645,0.0,0.7654225352112677,290.0,42.57557251908397,2.58867543859649,0.0174319999999999,1.6765578635014835,1.822714285714284,0.0,56.46488549618321,16.347121212121213,0.0,1.6503267973856208,3.1,7.8,1
594,10.102527659574466,0.132351724137931,0.4970833333333336,66.51491228070174,1.3072,0.0,0.0,4.050793650793651,0.0,497.0,0.0173410404624277,0.0161290322580645,0.0,0.7654225352112677,20.0,42.57557251908397,2.58867543859649,0.0174319999999999,1.0,1.822714285714284,0.490566037735849,56.46488549618321,16.347121212121213,0.5242718446601942,1.0,1.0,7.2,0
732,10.102527659574466,0.18,0.4970833333333336,66.51491228070174,0.0,0.43125,0.0,4.050793650793651,4.0,518.0,0.0173410404624277,0.0,0.0,0.7654225352112677,470.0,42.57557251908397,2.58867543859649,0.0174319999999999,2.0,1.822714285714284,0.490566037735849,56.46488549618321,16.347121212121213,0.5242718446601942,2.0,1.0,7.4,1
363,10.102527659574466,0.132351724137931,0.4970833333333336,66.51491228070174,1.3072,0.0,8.0,2.0,3.945118733509234,605.0,0.0,0.0161290322580645,0.0,1.1,150.0,42.57557251908397,2.58867543859649,0.0174319999999999,1.0,1.822714285714284,0.490566037735849,56.46488549618321,16.347121212121213,0.5242718446601942,1.0,0.18,7.6,0
1353,0.0356,0.09,0.104,186.8,0.0,0.43125,53.0,4.050793650793651,5.0,950.0,0.0,0.0,0.0,0.52,180.0,20.0,1.2,0.004,4.0,1.1,1.0,64.6,3.3,0.5242718446601942,4.0,1.74,7.8,0
592,10.102527659574466,0.06,0.4970833333333336,66.51491228070174,1.3072,0.0,9.0,5.7,3.945118733509234,424.0,0.0173410404624277,0.0161290322580645,0.0,0.7654225352112677,61.0,42.57557251908397,2.58867543859649,0.0174319999999999,1.6765578635014835,1.822714285714284,0.0,56.46488549618321,16.347121212121213,0.0,1.6503267973856208,0.2,7.7,0
394,20.0,0.314,0.25,106.0,1.3072,0.0,54.0,4.050793650793651,5.0,1603.0,0.0,0.0161290322580645,0.0,0.67,20.0,16.0,0.1,0.007,1.6765578635014835,1.822714285714284,0.490566037735849,200.0,8.0,0.5242718446601942,1.6503267973856208,0.5,8.3,0
1713,10.102527659574466,0.5,0.4970833333333336,66.51491228070174,1.3072,0.0,0.0,5.0,3.945118733509234,535.0,0.0173410404624277,0.0161290322580645,0.0,0.7654225352112677,116.0,42.57557251908397,1.2,0.008,1.6765578635014835,1.822714285714284,0.0,56.46488549618321,16.347121212121213,0.0,1.6503267973856208,1.3953286384976524,8.06,0
498,10.102527659574466,0.05,0.4970833333333336,66.51491228070174,1.3072,0.0,0.0,4.050793650793651,0.0,278.0,0.0,0.0161290322580645,0.0,0.7654225352112677,20.0,10.0,2.58867543859649,0.0174319999999999,1.0,1.822714285714284,0.490566037735849,56.46488549618321,16.347121212121213,0.5242718446601942,1.0,1.0,7.5,0
965,10.102527659574466,0.08,0.4970833333333336,66.51491228070174,1.3072,0.0,0.0,4.050793650793651,6.0,468.0,0.0,0.0161290322580645,0.0,0.7654225352112677,117.89258333333332,42.57557251908397,2.58867543859649,0.0174319999999999,1.0,1.822714285714284,0.490566037735849,56.46488549618321,16.347121212121213,0.5242718446601942,1.0,0.5,7.82,0
1293,10.102527659574466,0.06,0.4970833333333336,66.51491228070174,0.0,0.43125,0.0,4.050793650793651,2.0,454.0,0.0,0.0,0.0,0.7654225352112677,34.0,42.57557251908397,2.58867543859649,0.0174319999999999,4.0,1.822714285714284,0.490566037735849,56.46488549618321,16.347121212121213,0.5242718446601942,4.0,1.0,7.9,0
735,10.102527659574466,0.132351724137931,0.4970833333333336,66.51491228070174,0.0,0.43125,0.0,4.050793650793651,3.2,708.0,0.0173410404624277,0.0,0.0,0.7654225352112677,170.0,42.57557251908397,2.58867543859649,0.0174319999999999,1.6765578635014835,1.822714285714284,0.490566037735849,56.46488549618321,16.347121212121213,0.5242718446601942,1.6503267973856208,0.66,7.7,0
991,46.3,0.05,1.0,36.0,0.0,0.43125,6.0,4.050793650793651,3.0,424.0,0.0,0.0,0.0,0.15,73.0,5.0,0.5,0.01,8.0,3.2,0.490566037735849,10.9,19.0,0.5242718446601942,8.0,1.0,7.4,0
992,10.102527659574466,0.132351724137931,0.4970833333333336,66.51491228070174,1.3072,0.0,0.0,4.050793650793651,0.0,515.0,0.0173410404624277,0.0161290322580645,0.0,0.7654225352112677,82.0,42.57557251908397,2.58867543859649,0.0174319999999999,1.0,1.822714285714284,0.490566037735849,56.46488549618321,16.347121212121213,0.5242718446601942,1.0,1.0,7.6,0
235,10.102527659574466,0.132351724137931,0.4970833333333336,66.51491228070174,1.3072,0.0,0.0,4.050793650793651,0.0,462.0,0.0173410404624277,0.0161290322580645,0.0,0.7654225352112677,20.0,10.0,2.58867543859649,0.0174319999999999,1.0,1.822714285714284,0.490566037735849,56.46488549618321,16.347121212121213,0.5242718446601942,1.0,1.0,7.6,0
1593,10.102527659574466,0.52,0.4970833333333336,66.51491228070174,0.0,0.43125,300.0,4.050793650793651,10.0,703.0,0.0,0.0,0.0,0.7654225352112677,300.0,1270.0,2.58867543859649,0.0174319999999999,2.0,5.7,0.490566037735849,62.3,3.0,0.5242718446601942,1.6503267973856208,1.0,7.3,1
1292,10.102527659574466,0.05,0.4970833333333336,66.51491228070174,0.0,0.43125,11.0,4.050793650793651,3.0,508.0,0.0,0.0,0.0,0.7654225352112677,117.89258333333332,42.57557251908397,2.58867543859649,0.0174319999999999,2.0,1.822714285714284,0.490566037735849,56.46488549618321,16.347121212121213,0.5242718446601942,2.0,1.0,7.6,0
738,10.102527659574466,0.05,0.4970833333333336,66.51491228070174,1.0,0.43125,83.0,4.050793650793651,7.0,543.0,0.0,0.0,0.0,0.7654225352112677,120.0,10.0,2.58867543859649,0.0174319999999999,2.0,3.2,0.490566037735849,6.5,38.0,0.5242718446601942,1.6503267973856208,1.0,7.2,1
1794,10.102527659574466,0.34,0.4970833333333336,66.51491228070174,1.3072,0.0,42.0,4.050793650793651,115.0,268.0,0.0,0.0161290322580645,0.0,0.7654225352112677,2337.0,1354.0,2.58867543859649,0.0174319999999999,1.0,5.7,0.490566037735849,56.46488549618321,16.347121212121213,0.5242718446601942,1.6503267973856208,1.95,7.16,1
1477,10.102527659574466,0.07,0.4970833333333336,66.51491228070174,1.3072,0.0,2.0,1.5,3.945118733509234,457.0,0.0173410404624277,0.0161290322580645,0.0,0.7654225352112677,112.0,42.57557251908397,2.58867543859649,0.0174319999999999,1.6765578635014835,1.822714285714284,0.0,56.46488549618321,16.347121212121213,0.0,1.6503267973856208,0.5,7.7,0
523,10.102527659574466,0.132351724137931,0.4970833333333336,66.51491228070174,1.3072,0.0,88.0,4.050793650793651,0.0,371.0,0.0173410404624277,0.0161290322580645,0.0,0.7654225352112677,20.0,13.0,2.58867543859649,0.0174319999999999,1.0,1.822714285714284,0.490566037735849,56.46488549618321,16.347121212121213,0.5242718446601942,1.0,1.0,7.3,0
1693,10.102527659574466,0.05,0.4970833333333336,66.51491228070174,1.3072,0.0,38.01291989664082,4.050793650793651,25.0,439.0,0.0173410404624277,0.0161290322580645,0.0,0.2,76.0,34.0,2.58867543859649,0.002,4.0,1.822714285714284,0.490566037735849,56.46488549618321,16.347121212121213,0.5242718446601942,4.0,1.0,8.0,0
874,5.0,0.28,0.055,217.0,0.0,0.43125,10.0,4.050793650793651,5.0,930.0,0.0,0.0,0.0,0.18,430.0,67.4,0.51,0.023,2.0,1.6,0.490566037735849,71.6,10.0,0.5242718446601942,2.0,1.0,7.9,1
602,10.102527659574466,0.05,0.4970833333333336,66.51491228070174,1.3072,0.0,7.0,2.2,3.945118733509234,610.0,0.0173410404624277,0.0161290322580645,0.0,0.7654225352112677,80.0,42.57557251908397,2.58867543859649,0.0174319999999999,1.6765578635014835,1.822714285714284,0.0,56.46488549618321,16.347121212121213,0.0,1.6503267973856208,0.2,7.7,0
1213,5.0,0.05,0.115,106.0,0.0,0.43125,300.0,4.050793650793651,15.0,590.0,0.0,0.0,0.0,0.64,100.0,2.0,0.77,0.01,4.0,0.8,0.490566037735849,49.9,22.0,0.5242718446601942,4.0,1.0,7.9,0
369,10.102527659574466,0.132351724137931,0.4970833333333336,66.51491228070174,1.3072,0.0,8.0,4.050793650793651,0.0,170.0,0.0173410404624277,0.0161290322580645,0.0,0.7654225352112677,301.0,29.0,2.58867543859649,0.0174319999999999,1.0,1.822714285714284,0.490566037735849,56.46488549618321,16.347121212121213,0.5242718446601942,1.0,3.5,7.4,1
1067,10.102527659574466,0.132351724137931,0.4970833333333336,66.51491228070174,0.0,0.43125,38.01291989664082,0.0,3.945118733509234,588.0,0.0173410404624277,0.0,0.0,0.7654225352112677,117.89258333333332,42.57557251908397,2.58867543859649,0.0174319999999999,1.6765578635014835,1.822714285714284,1.0,56.46488549618321,16.347121212121213,1.0,1.6503267973856208,18.0,7.45,0
1360,10.102527659574466,0.27,0.4970833333333336,66.51491228070174,1.3072,0.0,0.0,4.050793650793651,0.0,321.0,0.0,0.0161290322580645,0.0,0.7654225352112677,843.0,31.0,2.58867543859649,0.0174319999999999,1.0,1.7,0.490566037735849,19.0,1.9,0.5242718446601942,1.6503267973856208,3.6,7.3,1
1821,10.102527659574466,0.05,0.4970833333333336,66.51491228070174,1.3072,0.0,36.0,4.050793650793651,0.0,682.0,0.0173410404624277,0.0161290322580645,0.0,0.7654225352112677,33.0,42.57557251908397,43.0,0.002,1.0,1.822714285714284,0.490566037735849,5.3,30.0,0.5242718446601942,1.0,1.0,7.3,0
1672,10.102527659574466,0.132351724137931,0.4970833333333336,66.51491228070174,1.3072,0.0,0.0,4.050793650793651,0.0,587.0,0.0173410404624277,0.0161290322580645,0.0,0.7654225352112677,117.89258333333332,42.57557251908397,2.58867543859649,0.0174319999999999,1.0,1.822714285714284,0.490566037735849,56.46488549618321,16.347121212121213,0.5242718446601942,1.0,1.0,7.6,0
175,10.102527659574466,0.05,0.4970833333333336,66.51491228070174,1.3072,0.0,0.0,4.050793650793651,0.0,384.0,0.0,0.0161290322580645,0.0,0.7654225352112677,20.0,42.57557251908397,2.58867543859649,0.0174319999999999,1.0,1.822714285714284,0.490566037735849,56.46488549618321,16.347121212121213,0.5242718446601942,1.0,1.0,7.6,0
747,5.0,0.08,0.016,73.0,0.0,0.0,300.0,4.050793650793651,13.1,966.0,0.0,0.0,0.0,0.39,57.5,30.0,1.0,0.006,2.0,1.79,0.490566037735849,4.7,16.2,0.5242718446601942,2.0,1.43,8.26,0
236,10.102527659574466,0.132351724137931,0.4970833333333336,66.51491228070174,1.3072,0.0,0.0,4.050793650793651,0.0,475.0,0.0173410404624277,0.0161290322580645,0.0,0.7654225352112677,20.0,21.0,2.58867543859649,0.0174319999999999,1.0,1.822714285714284,0.490566037735849,56.46488549618321,16.347121212121213,0.5242718446601942,1.0,1.0,7.6,0
710,1.0,0.14,0.0891,8.2,1.3072,0.0,1.0,4.050793650793651,5.0,507.0,0.0,0.0161290322580645,0.0,0.75,53.0,10.7,0.2,0.055,1.6765578635014835,1.4,1.0,18.6,16.0,1.0,1.6503267973856208,0.5,7.46,0
308,10.0,0.05,0.4,4.3,1.3072,0.0,0.0,4.050793650793651,0.0,541.0,0.0,0.0161290322580645,0.0,0.9,20.0,10.0,1.0,0.002,1.0,1.0,0.490566037735849,14.0,4.0,0.5242718446601942,1.0,1.0,7.4,0
537,10.102527659574466,0.05,0.4970833333333336,66.51491228070174,1.3072,0.0,19.0,4.050793650793651,0.0,454.0,0.0,0.0161290322580645,0.0,0.7654225352112677,20.0,10.0,2.58867543859649,0.0174319999999999,1.0,1.2,0.490566037735849,9.5,26.0,0.5242718446601942,1.0,1.0,7.5,0
582,10.102527659574466,0.05,0.4970833333333336,66.51491228070174,1.3072,0.0,14.0,1.5,3.945118733509234,252.0,0.0173410404624277,0.0161290322580645,0.0,1.42,20.0,42.57557251908397,2.58867543859649,0.0174319999999999,1.6765578635014835,1.822714285714284,0.0,56.46488549618321,16.347121212121213,0.0,1.6503267973856208,0.2,7.9,0
1315,10.102527659574466,0.132351724137931,0.4970833333333336,66.51491228070174,1.3072,0.0,92.0,4.050793650793651,10.0,855.0,0.0173410404624277,0.0161290322580645,0.0,0.7654225352112677,20.0,42.57557251908397,2.58867543859649,0.0174319999999999,1.0,1.822714285714284,0.490566037735849,56.46488549618321,16.347121212121213,0.5242718446601942,1.0,1.0,7.1,0
1307,10.0,0.14,0.2,117.0,1.3072,0.0,60.0,4.050793650793651,0.0,720.0,0.0,0.0161290322580645,0.0,0.5,197.0,36.0,1.0,0.003,1.0,1.5,0.490566037735849,84.0,1.0,0.5242718446601942,1.0,3.4,8.0,0
330,10.102527659574466,0.05,0.4970833333333336,66.51491228070174,1.3072,0.0,0.0,4.050793650793651,0.0,565.0,0.0173410404624277,0.0161290322580645,0.0,0.7654225352112677,151.0,42.57557251908397,2.58867543859649,0.0174319999999999,1.0,1.822714285714284,0.490566037735849,56.46488549618321,16.347121212121213,0.5242718446601942,1.0,1.0,7.3,0
1724,10.102527659574466,0.97,0.4970833333333336,66.51491228070174,1.3072,0.0,300.0,4.050793650793651,16.0,481.0,0.0173410404624277,0.0161290322580645,0.0,0.7654225352112677,200.0,42.57557251908397,2.58867543859649,0.025,1.6765578635014835,1.822714285714284,2.0,56.46488549618321,16.347121212121213,2.0,1.6503267973856208,0.5,8.01,1
773,10.102527659574466,0.05,0.4970833333333336,66.51491228070174,1.3072,0.0,0.0,5.0,3.0,943.0,0.0,0.0161290322580645,0.0,0.7654225352112677,20.0,5.0,2.58867543859649,0.0174319999999999,1.0,1.5,0.0,104.4,66.0,0.0,1.6503267973856208,1.0,7.5,0
442,10.0,0.05,0.1,19.0,1.3072,0.0,218.0,5.0,0.0,722.0,0.0,0.0161290322580645,0.0,0.6,20.0,13.0,13.0,0.05,1.0,1.7,0.0,15.0,68.0,0.0,1.0,1.0,7.37,0
381,10.102527659574466,0.05,0.4970833333333336,66.51491228070174,1.3072,0.0,0.0,4.050793650793651,0.0,580.0,0.0173410404624277,0.0161290322580645,0.0,0.7654225352112677,20.0,42.57557251908397,2.58867543859649,0.0174319999999999,1.0,1.822714285714284,0.490566037735849,56.46488549618321,16.347121212121213,0.5242718446601942,1.0,1.0,7.5,0
346,10.0,0.06,0.1,31.0,1.3072,0.0,14.0,5.0,0.0,751.0,0.0,0.0161290322580645,0.0,0.3,100.0,12.0,1.6,0.01,1.0,1.3,0.0,17.0,51.0,0.0,1.0,1.0,7.5,0
679,10.102527659574466,0.132351724137931,0.4970833333333336,66.51491228070174,1.3072,0.0,0.0,4.050793650793651,6.1,820.0,0.0,0.0161290322580645,0.0,0.7654225352112677,117.89258333333332,42.57557251908397,2.58867543859649,0.0174319999999999,1.0,1.822714285714284,0.490566037735849,56.46488549618321,16.347121212121213,0.5242718446601942,1.0,0.65,8.21,0
345,10.102527659574466,0.05,0.4970833333333336,66.51491228070174,1.3072,0.0,0.0,4.050793650793651,0.0,517.0,0.0173410404624277,0.0161290322580645,0.0,0.7654225352112677,20.0,42.57557251908397,2.58867543859649,0.0174319999999999,1.0,1.822714285714284,0.490566037735849,56.46488549618321,16.347121212121213,0.5242718446601942,1.0,1.0,7.3,0
515,10.102527659574466,0.132351724137931,0.4970833333333336,66.51491228070174,1.3072,0.0,0.0,4.050793650793651,0.0,330.0,0.0173410404624277,0.0161290322580645,0.0,0.7654225352112677,20.0,10.0,2.58867543859649,0.0174319999999999,1.0,1.822714285714284,0.490566037735849,56.46488549618321,16.347121212121213,0.5242718446601942,1.0,1.0,7.2,0
838,10.102527659574466,0.132351724137931,0.816,66.51491228070174,1.3072,0.0,82.0,4.050793650793651,3.0,449.0,0.0173410404624277,0.0161290322580645,0.0,1.04,44.0,42.57557251908397,2.58867543859649,0.0174319999999999,1.6765578635014835,1.822714285714284,1.0,56.46488549618321,16.347121212121213,1.0,1.6503267973856208,0.5,7.37,0
2302,10.0,0.13,5.0,48.0,1.0,0.43125,34.0,4.050793650793651,6.0,423.0,0.0,0.0,0.0,0.67,150.0,19.4,0.5,0.01,1.0,1.2,0.490566037735849,29.2,31.0,0.5242718446601942,1.0,1.0,8.0,1
635,0.002,0.08,0.333,21.4,1.3072,0.0,4.0,4.050793650793651,8.1,567.0,0.0,0.0161290322580645,0.0,0.68,16.0,30.0,0.01,0.01,2.0,1.04,0.490566037735849,128.7,6.5,0.5242718446601942,2.0,0.73,8.2,0
459,10.102527659574466,0.132351724137931,0.4970833333333336,66.51491228070174,1.3072,0.0,4.0,4.050793650793651,0.0,658.0,0.0173410404624277,0.0161290322580645,0.0,0.7654225352112677,117.89258333333332,42.57557251908397,2.58867543859649,0.0174319999999999,1.0,1.822714285714284,0.490566037735849,56.46488549618321,16.347121212121213,0.5242718446601942,1.0,1.0,7.1,0
755,10.102527659574466,0.03,0.4970833333333336,66.51491228070174,1.3072,0.0,38.01291989664082,5.0,3.945118733509234,517.0,0.0173410404624277,0.0161290322580645,0.0,0.7654225352112677,32.0,42.57557251908397,2.58867543859649,0.0174319999999999,1.6765578635014835,1.822714285714284,0.0,56.46488549618321,16.347121212121213,0.0,1.6503267973856208,0.3,7.1,0
1369,10.102527659574466,0.07,0.4970833333333336,2.5,1.3072,0.0,75.0,4.050793650793651,0.0,488.0,0.0,0.0161290322580645,0.0,0.7654225352112677,284.0,39.0,1.0,0.002,1.0,2.5,0.490566037735849,117.0,2.2,0.5242718446601942,1.6503267973856208,1.0,7.5,1
994,5.0,0.08,0.418,18.0,0.0,0.43125,3.0,4.050793650793651,7.0,717.0,0.0,0.0,0.0,0.47,10.0,3.2,0.5,0.01,2.0,1.6,0.490566037735849,35.2,28.0,0.5242718446601942,2.0,1.0,7.5,0
1273,10.102527659574466,0.132351724137931,0.4970833333333336,66.51491228070174,1.3072,0.0,24.0,7.3,3.945118733509234,491.0,0.0173410404624277,0.0161290322580645,0.0,0.7654225352112677,35.0,20.0,2.58867543859649,0.0174319999999999,1.6765578635014835,1.822714285714284,0.0,56.46488549618321,16.347121212121213,0.0,1.6503267973856208,0.2,7.8,0
1184,10.102527659574466,0.132351724137931,0.4970833333333336,66.51491228070174,0.0,0.43125,4.0,4.050793650793651,2.0,323.0,0.0173410404624277,0.0,0.0,0.7654225352112677,64.0,42.57557251908397,2.58867543859649,0.0174319999999999,2.0,1.822714285714284,0.490566037735849,56.46488549618321,16.347121212121213,0.5242718446601942,2.0,1.0,7.9,0
254,10.102527659574466,0.132351724137931,0.4970833333333336,66.51491228070174,1.3072,0.0,0.0,4.050793650793651,0.0,505.0,0.0173410404624277,0.0161290322580645,0.0,0.7654225352112677,20.0,10.0,2.58867543859649,0.0174319999999999,1.0,1.822714285714284,0.490566037735849,56.46488549618321,16.347121212121213,0.5242718446601942,1.0,1.0,7.5,0
287,10.102527659574466,0.132351724137931,0.4970833333333336,66.51491228070174,1.3072,0.43125,38.01291989664082,4.050793650793651,0.0,369.0,0.0173410404624277,0.0161290322580645,0.0,0.7654225352112677,117.89258333333332,42.57557251908397,2.58867543859649,0.0174319999999999,1.0,1.822714285714284,0.490566037735849,56.46488549618321,16.347121212121213,0.5242718446601942,1.0,1.0,7.7,0
1137,10.102527659574466,0.08,0.4970833333333336,66.51491228070174,1.3072,0.0,38.01291989664082,4.050793650793651,6.4,576.0,0.0173410404624277,0.0161290322580645,0.0,0.7654225352112677,117.89258333333332,42.57557251908397,2.58867543859649,0.0174319999999999,1.0,1.822714285714284,0.490566037735849,56.46488549618321,16.347121212121213,0.5242718446601942,1.0,0.5,7.39,0
939,20.0,0.27,0.16,33.0,1.3072,0.0,36.0,5.0,3.945118733509234,591.0,0.0,0.0161290322580645,0.0,0.67,40.0,8.8,1.5,0.007,1.6765578635014835,1.4,1.0,590.0,5.0,0.5242718446601942,1.6503267973856208,0.88,8.1,1
686,10.102527659574466,0.05,0.4970833333333336,66.51491228070174,1.3072,0.0,3.0,4.050793650793651,3.0,526.0,0.0173410404624277,0.0161290322580645,0.0,1.5,117.89258333333332,42.57557251908397,2.58867543859649,0.003,1.6765578635014835,1.822714285714284,1.0,56.46488549618321,16.347121212121213,1.0,1.6503267973856208,0.5,7.69,0
1077,10.102527659574466,0.05,0.4970833333333336,66.51491228070174,1.3072,0.0,0.0,5.0,3.945118733509234,413.0,0.0,0.0161290322580645,0.0,0.7654225352112677,52.0,0.5,2.58867543859649,0.0174319999999999,1.6765578635014835,1.822714285714284,0.0,56.46488549618321,16.347121212121213,0.0,1.6503267973856208,1.3953286384976524,7.8,0
2200,10.102527659574466,0.05,0.1,66.51491228070174,1.3072,0.0,0.0,4.050793650793651,0.0,736.0,0.0,0.0161290322580645,0.0,0.7654225352112677,20.0,10.0,1.0,0.002,1.0,1.5,0.490566037735849,201.0,31.0,0.5242718446601942,1.6503267973856208,1.0,7.4,0
1110,10.102527659574466,0.24,0.4970833333333336,161.0,0.0,0.43125,3.0,4.050793650793651,4.0,795.0,0.0,0.0,0.0,0.96,86.0,18.0,0.89,0.01,2.0,1.6,0.490566037735849,52.8,17.0,0.5242718446601942,1.6503267973856208,1.4,8.1,0
525,10.102527659574466,0.14,0.4970833333333336,66.51491228070174,1.3072,0.0,1.0,2.5,3.945118733509234,528.0,0.0173410404624277,0.0161290322580645,0.0,0.7654225352112677,57.0,42.57557251908397,2.58867543859649,0.0174319999999999,1.6765578635014835,1.822714285714284,0.0,56.46488549618321,16.347121212121213,0.0,1.6503267973856208,0.2,7.6,0
1052,10.102527659574466,0.05,0.4970833333333336,66.51491228070174,0.0,0.43125,10.0,4.050793650793651,3.0,607.0,0.0173410404624277,0.0,0.0,0.7654225352112677,46.0,5.0,2.58867543859649,0.0174319999999999,1.0,1.822714285714284,0.490566037735849,56.46488549618321,16.347121212121213,0.5242718446601942,1.0,1.0,7.9,0
429,10.102527659574466,0.058,0.4970833333333336,66.51491228070174,1.3072,0.0,23.0,4.050793650793651,5.0,878.0,0.0173410404624277,0.0161290322580645,0.0,0.7654225352112677,40.0,42.57557251908397,2.58867543859649,0.045,1.6765578635014835,1.2,1.0,56.46488549618321,16.347121212121213,1.0,1.6503267973856208,0.14,8.3,0
832,10.102527659574466,0.26,0.4970833333333336,66.51491228070174,0.0,0.43125,40.0,4.050793650793651,9.0,1044.0,0.0173410404624277,0.0,0.0,0.7654225352112677,363.0,50.0,2.58867543859649,0.0174319999999999,4.0,1.822714285714284,0.490566037735849,56.46488549618321,16.347121212121213,0.5242718446601942,4.0,1.0,8.0,1
565,10.102527659574466,0.132351724137931,0.4970833333333336,66.51491228070174,1.3072,0.0,22.0,4.050793650793651,0.0,357.0,0.0173410404624277,0.0161290322580645,0.0,0.7654225352112677,20.0,10.0,2.58867543859649,0.0174319999999999,1.0,1.822714285714284,0.490566037735849,56.46488549618321,16.347121212121213,0.5242718446601942,1.0,1.0,7.6,0
435,10.102527659574466,0.05,0.4970833333333336,66.51491228070174,1.3072,0.0,2.0,6.2,3.945118733509234,473.0,0.0173410404624277,0.0161290322580645,0.0,0.7654225352112677,20.0,42.57557251908397,2.58867543859649,0.0174319999999999,1.6765578635014835,1.822714285714284,0.0,56.46488549618321,16.347121212121213,0.0,1.6503267973856208,0.2,7.8,0
1138,10.102527659574466,0.08,0.4970833333333336,66.51491228070174,1.3072,0.0,38.01291989664082,4.050793650793651,6.9,502.0,0.0173410404624277,0.0161290322580645,0.0,0.7654225352112677,117.89258333333332,42.57557251908397,2.58867543859649,0.0174319999999999,1.0,1.822714285714284,0.490566037735849,56.46488549618321,16.347121212121213,0.5242718446601942,1.0,1.0,7.62,0
1808,10.102527659574466,0.08,0.4970833333333336,66.51491228070174,1.3072,0.0,38.01291989664082,4.050793650793651,3.0,586.0,0.0173410404624277,0.0161290322580645,0.0,0.7654225352112677,117.89258333333332,42.57557251908397,2.58867543859649,0.0174319999999999,1.0,1.822714285714284,0.490566037735849,56.46488549618321,16.347121212121213,0.5242718446601942,1.0,0.68,7.31,0
574,10.102527659574466,0.132351724137931,0.4970833333333336,66.51491228070174,1.3072,0.0,94.0,4.050793650793651,0.0,451.0,0.0,0.0161290322580645,0.0,0.7654225352112677,20.0,18.0,2.58867543859649,0.0174319999999999,1.0,1.822714285714284,0.490566037735849,56.46488549618321,16.347121212121213,0.5242718446601942,1.0,1.0,7.5,0
970,10.102527659574466,0.17,0.4970833333333336,66.51491228070174,0.0,0.43125,38.01291989664082,4.050793650793651,5.0,710.0,0.0,0.0,0.0,0.7654225352112677,20.0,42.0,2.58867543859649,0.0174319999999999,1.6765578635014835,1.822714285714284,0.490566037735849,56.46488549618321,16.347121212121213,0.5242718446601942,1.6503267973856208,0.5,8.0,0
871,5.0,0.09,0.13,198.0,0.0,0.0,69.0,5.0,6.8,1003.0,0.0,0.0,0.0,0.69,131.0,2.0,0.45,0.01,4.0,1.2,0.0,99.0,3.0,0.0,4.0,1.0,8.22,0
623,10.0,0.132351724137931,0.4970833333333336,2.6,1.3072,0.0,10.0,4.050793650793651,0.0,328.0,0.0,0.0161290322580645,0.0,0.7654225352112677,20.0,10.0,1.0,0.002,1.0,1.1,0.490566037735849,94.0,4.9,0.5242718446601942,1.0,1.0,7.8,0
281,10.102527659574466,0.05,0.4970833333333336,66.51491228070174,1.3072,0.0,0.0,4.050793650793651,0.0,403.0,0.0173410404624277,0.0161290322580645,0.0,0.7654225352112677,20.0,42.57557251908397,2.58867543859649,0.0174319999999999,1.0,1.822714285714284,0.490566037735849,56.46488549618321,16.347121212121213,0.5242718446601942,1.0,1.0,7.6,0
433,10.102527659574466,0.132351724137931,0.4970833333333336,66.51491228070174,1.3072,0.0,56.0,4.050793650793651,0.0,507.0,0.0173410404624277,0.0161290322580645,0.0,0.7654225352112677,20.0,28.0,2.58867543859649,0.0174319999999999,1.0,1.822714285714284,0.490566037735849,56.46488549618321,16.347121212121213,0.5242718446601942,1.0,1.0,7.4,0
170,10.102527659574466,0.24,0.4970833333333336,66.51491228070174,1.3072,0.0,38.01291989664082,4.050793650793651,7.0,662.0,0.0173410404624277,0.0161290322580645,0.0,0.7654225352112677,117.89258333333332,42.57557251908397,1.0,0.007,2.0,1.822714285714284,0.490566037735849,56.46488549618321,16.347121212121213,0.5242718446601942,2.0,1.86,7.6,0
225,10.102527659574466,0.05,0.4970833333333336,66.51491228070174,1.3072,0.0,9.0,4.050793650793651,0.0,370.0,0.0,0.0161290322580645,0.0,0.7654225352112677,68.0,10.0,2.58867543859649,0.0174319999999999,1.0,2.4,0.490566037735849,114.0,1.0,0.5242718446601942,1.6503267973856208,1.0,7.7,0
971,5.0,0.08,0.033,8.7,1.3072,0.0,0.0,4.050793650793651,6.8,601.0,0.0,0.0161290322580645,0.0,0.33,45.7,30.0,15.6,0.004,1.0,1.5,0.490566037735849,4.7,24.4,0.5242718446601942,1.0,0.97,7.85,0
1919,10.102527659574466,0.21,0.4970833333333336,66.51491228070174,1.3072,0.0,38.01291989664082,4.050793650793651,10.0,410.0,0.0173410404624277,0.0161290322580645,0.0,0.7654225352112677,117.89258333333332,42.57557251908397,2.58867543859649,0.0174319999999999,5.0,1.822714285714284,0.490566037735849,56.46488549618321,16.347121212121213,0.5242718446601942,5.0,0.62,7.77,0
875,5.0,0.2,0.582,22.0,2.0,0.43125,120.0,4.050793650793651,7.0,526.0,0.0,0.0,0.0,0.85,75.0,9.1,0.5,0.01,2.0,1.7,0.490566037735849,33.7,19.0,0.5242718446601942,2.0,1.0,7.8,1
207,10.102527659574466,0.132351724137931,0.4970833333333336,66.51491228070174,1.3072,0.0,4.0,4.050793650793651,3.945118733509234,566.0077981651376,0.0,0.0161290322580645,0.0,0.7654225352112677,117.89258333333332,42.57557251908397,2.58867543859649,0.0174319999999999,1.6765578635014835,1.822714285714284,0.490566037735849,56.46488549618321,16.347121212121213,0.5242718446601942,1.6503267973856208,1.3953286384976524,7.65292237442923,0
715,10.102527659574466,0.05,0.4970833333333336,66.51491228070174,1.3072,0.0,2.0,4.050793650793651,3.0,651.0,0.0,0.0161290322580645,0.0,0.7654225352112677,50.0,42.57557251908397,2.58867543859649,0.0174319999999999,1.6765578635014835,5.6,1.0,56.46488549618321,16.347121212121213,1.0,1.6503267973856208,0.5,7.15,1
516,10.102527659574466,0.132351724137931,0.4970833333333336,66.51491228070174,1.3072,0.0,0.0,4.050793650793651,0.0,356.0,0.0173410404624277,0.0161290322580645,0.0,0.7654225352112677,29.0,13.0,2.58867543859649,0.0174319999999999,1.0,1.822714285714284,0.490566037735849,56.46488549618321,16.347121212121213,0.5242718446601942,1.0,1.0,7.5,0
579,10.102527659574466,0.132351724137931,0.4970833333333336,66.51491228070174,1.3072,0.0,0.0,4.050793650793651,0.0,496.0,0.0,0.0161290322580645,0.0,0.7654225352112677,20.0,10.0,2.58867543859649,0.0174319999999999,1.0,1.822714285714284,0.490566037735849,56.46488549618321,16.347121212121213,0.5242718446601942,1.0,1.0,7.4,0
313,10.102527659574466,0.05,0.4970833333333336,66.51491228070174,1.3072,0.0,4.0,4.050793650793651,0.0,409.0,0.0173410404624277,0.0161290322580645,0.0,0.7654225352112677,20.0,42.57557251908397,2.58867543859649,0.0174319999999999,1.0,1.822714285714284,0.490566037735849,56.46488549618321,16.347121212121213,0.5242718446601942,1.0,1.0,7.4,0
646,1.0,0.05,0.203,19.0,1.3072,0.0,64.0,4.050793650793651,3.0,705.0,0.0,0.0161290322580645,0.0,1.12,65.0,16.0,0.41,0.003,1.6765578635014835,0.5,1.0,21.6,25.0,1.0,1.6503267973856208,0.5,7.82,0
462,10.102527659574466,0.06,0.4970833333333336,66.51491228070174,1.3072,0.0,6.0,2.8,3.945118733509234,558.0,0.0173410404624277,0.0161290322580645,0.0,0.7654225352112677,175.0,42.57557251908397,2.58867543859649,0.0174319999999999,1.6765578635014835,1.822714285714284,0.0,56.46488549618321,16.347121212121213,0.0,1.6503267973856208,1.3,7.8,0
172,5.0,0.21,0.552,104.0,1.0,2.0,300.0,4.050793650793651,13.0,964.0,0.0,0.0,0.0,1.08,200.0,20.0,0.27,0.003,2.0,3.52,1.0,108.0,21.0,1.0,2.0,2.5,8.11,1
769,10.102527659574466,0.05,0.4970833333333336,66.51491228070174,1.3072,4.0,35.0,4.050793650793651,0.0,467.0,0.0,0.0161290322580645,0.0,0.7654225352112677,20.0,10.0,2.58867543859649,0.0174319999999999,1.0,1.4,0.490566037735849,4.3,16.0,0.5242718446601942,1.6503267973856208,1.0,6.9,1
382,10.0,0.1,0.2,3.4,1.3072,0.0,9.0,6.0,0.0,424.0,0.0,0.0161290322580645,0.0,1.1,131.0,10.0,1.0,0.02,1.0,0.9,0.0,34.0,10.0,0.0,1.0,2.2,8.05,0
339,10.102527659574466,0.177,0.4970833333333336,66.51491228070174,0.0,0.43125,62.0,4.050793650793651,3.0,580.0,0.0,0.0,0.0,0.7654225352112677,106.0,18.0,1.5,0.028,1.0,1.822714285714284,0.490566037735849,56.46488549618321,16.347121212121213,0.5242718446601942,1.0,1.1,8.15,0
772,10.102527659574466,0.132351724137931,0.4970833333333336,66.51491228070174,1.3072,0.0,13.0,4.050793650793651,0.0,279.0,0.0173410404624277,0.0161290322580645,0.0,0.7654225352112677,20.0,10.0,2.58867543859649,0.0174319999999999,1.0,1.822714285714284,0.490566037735849,56.46488549618321,16.347121212121213,0.5242718446601942,1.0,1.0,7.8,0
566,10.0,0.05,0.1,1.2,1.3072,0.0,4.0,4.050793650793651,0.0,400.0,0.0,0.0161290322580645,0.0,0.2,20.0,10.0,1.0,0.002,1.0,0.9,0.490566037735849,3.6,1.1,0.5242718446601942,1.0,1.0,7.3,0
1507,10.102527659574466,0.05,0.4970833333333336,66.51491228070174,1.3072,0.0,0.0,4.050793650793651,0.0,534.0,0.0173410404624277,0.0161290322580645,0.0,0.7654225352112677,20.0,42.57557251908397,2.58867543859649,0.0174319999999999,1.0,1.822714285714284,0.490566037735849,56.46488549618321,16.347121212121213,0.5242718446601942,1.0,1.0,7.3,0
1303,76.9,0.05,0.285,43.0,0.0,0.43125,4.0,4.050793650793651,8.0,485.0,0.0,0.0,0.0,0.59,150.0,14.6,0.71,0.01,2.0,0.72,0.490566037735849,47.1,6.0,0.5242718446601942,2.0,17.0,8.0,0
901,10.102527659574466,0.132351724137931,0.4970833333333336,66.51491228070174,0.0,0.43125,0.0,4.050793650793651,2.0,606.0,0.0173410404624277,0.0,0.0,0.7654225352112677,22.3,5.0,2.58867543859649,0.0174319999999999,1.0,1.822714285714284,0.490566037735849,56.46488549618321,16.347121212121213,0.5242718446601942,1.0,1.0,7.7,0
825,10.102527659574466,0.5,0.4970833333333336,273.0,3.0,0.43125,16.0,4.050793650793651,4.0,1161.0,0.0173410404624277,0.0,0.0,0.7654225352112677,90.0,76.0,2.58867543859649,0.0174319999999999,2.0,1.822714285714284,0.490566037735849,56.46488549618321,16.347121212121213,0.5242718446601942,2.0,1.0,7.9,1
1321,10.102527659574466,0.132351724137931,0.4970833333333336,66.51491228070174,0.0,0.43125,300.0,4.050793650793651,12.5,640.0,0.0173410404624277,0.0,0.0,0.7654225352112677,260.0,42.57557251908397,2.58867543859649,0.0174319999999999,4.0,1.822714285714284,0.490566037735849,56.46488549618321,16.347121212121213,0.5242718446601942,4.0,1.0,8.1,1
1192,10.102527659574466,0.132351724137931,0.4970833333333336,66.51491228070174,0.0,0.43125,38.0,4.050793650793651,4.0,600.0,0.0173410404624277,0.0,0.0,0.7654225352112677,160.0,42.57557251908397,2.58867543859649,0.0174319999999999,4.0,1.822714285714284,0.490566037735849,56.46488549618321,16.347121212121213,0.5242718446601942,4.0,1.1,7.6,0
420,10.102527659574466,0.05,0.4970833333333336,66.51491228070174,1.3072,0.0,0.0,4.050793650793651,0.0,690.0,0.0173410404624277,0.0161290322580645,0.0,0.7654225352112677,20.0,10.0,2.58867543859649,0.0174319999999999,1.0,1.822714285714284,0.490566037735849,56.46488549618321,16.347121212121213,0.5242718446601942,1.0,1.0,7.2,0
709,10.102527659574466,0.06,0.949,66.51491228070174,1.3072,0.0,36.0,4.050793650793651,3.0,446.0,0.0173410404624277,0.0161290322580645,0.0,1.42,42.0,42.57557251908397,2.58867543859649,0.003,1.6765578635014835,1.822714285714284,1.0,56.46488549618321,16.347121212121213,1.0,1.6503267973856208,0.5,7.8,0
1906,10.102527659574466,0.39,0.4970833333333336,66.51491228070174,0.0,0.43125,38.01291989664082,4.050793650793651,9.0,923.0,0.0173410404624277,0.0,0.0,0.7654225352112677,290.0,9.3,2.58867543859649,0.0174319999999999,1.6765578635014835,1.822714285714284,0.490566037735849,56.46488549618321,16.347121212121213,0.5242718446601942,1.6503267973856208,0.5,7.7,1
331,10.102527659574466,0.05,0.4970833333333336,66.51491228070174,1.3072,0.0,38.01291989664082,4.050793650793651,0.0,526.0,0.0173410404624277,0.0161290322580645,0.0,0.7654225352112677,20.0,10.0,2.58867543859649,0.0174319999999999,1.0,1.822714285714284,0.490566037735849,56.46488549618321,16.347121212121213,0.5242718446601942,1.0,1.0,7.2,0
989,10.102527659574466,0.132351724137931,0.4970833333333336,66.51491228070174,0.0,0.43125,15.0,4.050793650793651,4.0,693.0,0.0173410404624277,0.0,0.0,0.7654225352112677,29.0,29.0,2.58867543859649,0.0174319999999999,2.0,1.822714285714284,0.490566037735849,56.46488549618321,16.347121212121213,0.5242718446601942,2.0,1.0,7.8,0
936,10.102527659574466,0.13,0.4970833333333336,66.51491228070174,1.3072,0.0,9.0,4.050793650793651,8.2,743.0,0.0173410404624277,0.0161290322580645,0.0,0.7654225352112677,117.89258333333332,42.57557251908397,2.58867543859649,0.011,2.0,1.822714285714284,0.490566037735849,56.46488549618321,16.347121212121213,0.5242718446601942,2.0,0.5,7.92,0
783,10.102527659574466,0.132351724137931,0.4970833333333336,66.51491228070174,1.3072,0.0,111.0,4.050793650793651,0.0,562.0,0.0173410404624277,0.0161290322580645,0.0,0.7654225352112677,20.0,10.0,2.58867543859649,0.0174319999999999,1.0,1.822714285714284,0.490566037735849,56.46488549618321,16.347121212121213,0.5242718446601942,1.0,1.0,7.5,0
830,10.102527659574466,0.132351724137931,0.4970833333333336,66.51491228070174,0.0,0.43125,3.0,4.050793650793651,3.0,622.0,0.0173410404624277,0.0,0.0,0.7654225352112677,90.0,40.0,2.58867543859649,0.0174319999999999,2.0,1.822714285714284,0.490566037735849,56.46488549618321,16.347121212121213,0.5242718446601942,2.0,1.0,7.7,0
803,10.102527659574466,0.132351724137931,0.4970833333333336,66.51491228070174,1.3072,0.0,10.0,4.050793650793651,5.0,500.0,0.0173410404624277,0.0161290322580645,0.0,0.7654225352112677,20.0,42.57557251908397,2.58867543859649,0.0174319999999999,1.0,1.822714285714284,0.490566037735849,56.46488549618321,16.347121212121213,0.5242718446601942,1.0,1.0,7.5,0
1081,5.0,0.27,0.274,14.0,0.0,0.43125,66.0,4.050793650793651,6.0,596.0,0.0,0.0,0.0,0.63,1280.0,21.3,0.5,0.01,4.0,3.1,0.490566037735849,28.4,3.0,0.5242718446601942,1.6503267973856208,11.0,7.6,1
458,10.102527659574466,0.05,0.4970833333333336,66.51491228070174,1.3072,0.0,1.0,2.7,3.945118733509234,425.0,0.0173410404624277,0.0161290322580645,0.0,0.7654225352112677,25.0,42.57557251908397,2.58867543859649,0.0174319999999999,1.6765578635014835,1.822714285714284,0.0,56.46488549618321,16.347121212121213,0.0,1.6503267973856208,0.3,8.0,0
725,10.102527659574466,0.05,0.4970833333333336,66.51491228070174,1.3072,0.0,18.0,4.050793650793651,3.0,603.0,0.0,0.0161290322580645,0.0,0.7654225352112677,50.0,42.57557251908397,2.58867543859649,0.0174319999999999,1.6765578635014835,2.64,1.0,56.46488549618321,16.347121212121213,1.0,1.6503267973856208,0.5,7.36,0
